hash,id,time,timeDiff,device,filesizeGib,pattern,patternDetails,rate,threadRate,threadStatsInterval,expRate,writePercent,writeMibs,readMibs,writes,reads,fdatasyncs,r,rmin,r10p,r20p,r25p,r30p,r40p,r50p,r60p,r70p,r75p,r80p,r85p,r90p,r92p5,r95p,r97p5,r99p,r99p5,r99p9,r99p99,r99p999,rmax,ravg,rtot,rcnt,w,wmin,w10p,w20p,w25p,w30p,w40p,w50p,w60p,w70p,w75p,w80p,w85p,w90p,w92p5,w95p,w97p5,w99p,w99p5,w99p9,w99p99,w99p999,wmax,wavg,wtot,wcnt,s,smin,s10p,s20p,s25p,s30p,s40p,s50p,s60p,s70p,s75p,s80p,s85p,s90p,s92p5,s95p,s97p5,s99p,s99p5,s99p9,s99p99,s99p999,smax,savg,stot,scnt,c,cmin,c10p,c20p,c25p,c30p,c40p,c50p,c60p,c70p,c75p,c80p,c85p,c90p,c92p5,c95p,c97p5,c99p,c99p5,c99p9,c99p99,c99p999,cmax,cavg,ctot,ccnt
2024-09-11-03-24-48,4,60,60.000092,/blk/mp0,745,uniform-shuffle,"",200000.000000,32500.000000,60,1,0.990000,71.316559,0.716666,18258.906250,183.683060,0.000000,r,105,207,227,234,241,256,270,287,309,322,341,365,410,444,493,565,646,702,1060,1723,1740,1761,294.392433,3244499.000000,11021,w,9,3356,3379,3388,3395,3410,3424,3439,3457,3467,3481,3499,3531,3574,3860,5160,5245,5288,5359,5467,5561,5606,3501.223753,3835716666.000000,1095536,s,19999,0,0,0,0,0,0,0,0,0,0,0,0,0,0,0,0,0,0,0,0,0,0,0.000000,0,c,0,0,0,0,0,0,0,0,0,0,0,0,0,0,0,0,0,0,2,2,6,182,0.005423,4615815.000000,851133650
2024-09-11-03-24-48,4,120,60.000004,/blk/mp0,745,uniform-shuffle,"",200000.000000,32500.000000,60,1,0.990000,72.499992,0.733333,18564.066406,189.933319,0.000000,r,91,206,226,233,240,254,268,284,302,314,331,352,387,419,480,556,634,677,988,1551,1709,1732,288.716216,3290210.000000,11396,w,3206,3385,3403,3410,3416,3428,3440,3452,3466,3474,3483,3494,3508,3517,3530,3551,3575,3591,3630,3675,3732,5890,3443.874449,3835938892.000000,1113844,s,2147483647,0,0,0,0,0,0,0,0,0,0,0,0,0,0,0,0,0,0,0,0,-2147483648,0,0.000000,0,c,0,0,0,0,0,0,0,0,0,0,0,0,0,0,0,0,0,0,2,2,6,352,0.005511,4683280.000000,849778813
2024-09-11-03-24-48,4,180,60.000000,/blk/mp0,745,uniform-shuffle,"",200000.000000,32500.000000,60,1,0.990000,72.750000,0.733333,18624.449219,187.966660,0.000000,r,86,207,226,232,240,255,268,283,300,312,327,346,380,414,467,550,619,668,783,1509,1553,1571,286.650115,3232840.000000,11278,w,3138,3366,3387,3396,3403,3417,3430,3444,3459,3467,3477,3488,3503,3513,3526,3546,3570,3587,3622,3670,3719,6577,3432.745527,3835979846.000000,1117467,s,2147483647,0,0,0,0,0,0,0,0,0,0,0,0,0,0,0,0,0,0,0,0,-2147483648,0,0.000000,0,c,0,0,0,0,0,0,0,0,0,0,0,0,0,0,0,0,0,0,2,2,6,322,0.005540,4705988.000000,849484839
2024-09-11-03-24-48,4,240,60.000000,/blk/mp0,745,uniform-shuffle,"",200000.000000,32500.000000,60,1,0.990000,72.750000,0.733333,18626.166016,188.166672,0.000000,r,107,206,225,232,240,255,268,283,303,315,329,350,386,419,478,556,643,686,894,1766,1767,1781,288.637555,3258718.000000,11290,w,3229,3372,3390,3398,3404,3417,3429,3441,3456,3464,3473,3484,3498,3507,3520,3540,3564,3582,3619,3670,3775,6784,3432.424413,3835974551.000000,1117570,s,2147483647,0,0,0,0,0,0,0,0,0,0,0,0,0,0,0,0,0,0,0,0,-2147483648,0,0.000000,0,c,0,0,0,0,0,0,0,0,0,0,0,0,0,0,0,0,0,0,2,2,6,320,0.005551,4713721.000000,849164334
2024-09-11-03-24-48,4,300,60.000015,/blk/mp0,745,uniform-shuffle,"",200000.000000,32500.000000,60,1,0.990000,73.016647,0.716666,18694.345703,186.799957,0.000000,r,99,206,225,232,239,254,267,283,302,315,329,349,386,421,478,553,631,674,857,1604,1678,1696,287.506692,3222375.000000,11208,w,3139,3358,3377,3384,3391,3404,3417,3430,3444,3452,3461,3472,3487,3496,3508,3528,3552,3570,3609,3650,3670,6635,3419.924491,3835995924.000000,1121661,s,2147483647,0,0,0,0,0,0,0,0,0,0,0,0,0,0,0,0,0,0,0,0,-2147483648,0,0.000000,0,c,0,0,0,0,0,0,0,0,0,0,0,0,0,0,0,0,0,0,2,2,6,318,0.005572,4730226.000000,848896153
2024-09-11-03-24-48,4,360,60.000000,/blk/mp0,745,uniform-shuffle,"",200000.000000,32500.000000,60,1,0.990000,73.033333,0.733333,18699.566406,191.066666,0.000000,r,113,206,225,232,239,254,267,283,302,313,328,347,381,414,469,544,620,677,915,1748,1826,1861,286.627617,3285899.000000,11464,w,3134,3358,3378,3385,3392,3404,3416,3428,3441,3449,3459,3470,3483,3493,3505,3525,3551,3568,3602,3657,3719,5476,3418.911835,3835930187.000000,1121974,s,2147483647,0,0,0,0,0,0,0,0,0,0,0,0,0,0,0,0,0,0,0,0,-2147483648,0,0.000000,0,c,0,0,0,0,0,0,0,0,0,0,0,0,0,0,0,0,0,0,2,2,6,315,0.005580,4735576.000000,848650791
2024-09-11-03-24-48,4,420,59.999969,/blk/mp0,745,uniform-shuffle,"",200000.000000,32500.000000,60,1,0.990000,73.100037,0.733334,18716.359375,189.216766,0.000000,r,112,205,225,231,239,253,266,281,300,312,327,347,381,412,465,541,623,683,813,1569,1830,1911,285.550603,3241856.000000,11353,w,3117,3358,3376,3383,3389,3401,3412,3424,3437,3445,3454,3465,3479,3488,3500,3520,3544,3561,3596,3638,3672,6237,3415.878583,3835966747.000000,1122981,s,2147483647,0,0,0,0,0,0,0,0,0,0,0,0,0,0,0,0,0,0,0,0,-2147483648,0,0.000000,0,c,0,0,0,0,0,0,0,0,0,0,0,0,0,0,0,0,0,0,2,2,6,326,0.005589,4742438.000000,848528074
2024-09-11-03-24-48,4,480,60.000031,/blk/mp0,745,uniform-shuffle,"",200000.000000,32500.000000,60,1,0.990000,73.233299,0.733333,18748.123047,189.033234,0.000000,r,97,204,223,231,238,253,266,281,299,310,324,343,378,409,463,540,612,669,806,1367,1435,1655,283.912273,3220133.000000,11342,w,3068,3353,3371,3378,3384,3395,3406,3418,3432,3439,3448,3458,3472,3481,3493,3512,3535,3553,3589,3633,3682,5987,3410.114579,3835996968.000000,1124888,s,2147483647,0,0,0,0,0,0,0,0,0,0,0,0,0,0,0,0,0,0,0,0,-2147483648,0,0.000000,0,c,0,0,0,0,0,0,0,0,0,0,0,0,0,0,0,0,0,0,2,2,6,324,0.005594,4746118.000000,848360456
2024-09-11-03-24-48,4,540,59.999969,/blk/mp0,745,uniform-shuffle,"",200000.000000,32500.000000,60,1,0.990000,73.266701,0.733334,18756.675781,190.533432,0.000000,r,98,204,223,230,238,252,266,281,298,310,324,345,377,409,459,548,624,676,835,1503,1506,1857,284.264521,3249712.000000,11432,w,3099,3351,3369,3376,3382,3394,3405,3417,3430,3438,3446,3457,3470,3479,3491,3511,3536,3553,3589,3635,3676,5267,3408.528927,3835958455.000000,1125400,s,2147483647,0,0,0,0,0,0,0,0,0,0,0,0,0,0,0,0,0,0,0,0,-2147483648,0,0.000000,0,c,0,0,0,0,0,0,0,0,0,0,0,0,0,0,0,0,0,0,2,2,6,316,0.005599,4749283.000000,848228866
2024-09-11-03-24-48,4,600,60.000000,/blk/mp0,745,uniform-shuffle,"",200000.000000,32500.000000,60,1,0.990000,73.250000,0.750000,18752.283203,192.899994,0.000000,r,110,205,225,232,239,254,267,282,301,313,327,347,382,415,470,547,628,679,806,1770,1954,2738,286.524019,3316229.000000,11574,w,3217,3352,3369,3376,3383,3394,3406,3417,3431,3439,3448,3459,3472,3481,3493,3513,3536,3552,3590,3636,3668,6171,3409.270051,3835895877.000000,1125137,s,2147483647,0,0,0,0,0,0,0,0,0,0,0,0,0,0,0,0,0,0,0,0,-2147483648,0,0.000000,0,c,0,0,0,0,0,0,0,0,0,0,0,0,0,0,0,0,0,0,2,2,6,318,0.005597,4748430.000000,848313379
2024-09-11-03-24-48,4,660,60.000061,/blk/mp0,745,uniform-shuffle,"",200000.000000,32500.000000,60,1,0.990000,72.899925,0.716666,18666.564453,187.416473,0.000000,r,97,206,226,232,240,254,267,283,302,314,330,350,385,417,464,545,618,671,782,1617,1699,2073,287.122454,3228692.000000,11245,w,3229,3366,3384,3391,3398,3410,3421,3433,3447,3455,3464,3475,3489,3498,3511,3531,3556,3574,3609,3659,3710,6413,3425.010340,3835994456.000000,1119995,s,2147483647,0,0,0,0,0,0,0,0,0,0,0,0,0,0,0,0,0,0,0,0,-2147483648,0,0.000000,0,c,0,0,0,0,0,0,0,0,0,0,0,0,0,0,0,0,0,0,2,2,6,320,0.005565,4725006.000000,848987369
2024-09-11-03-24-48,4,720,59.999939,/blk/mp0,745,uniform-shuffle,"",200000.000000,32500.000000,60,1,0.990000,72.566742,0.733334,18577.384766,189.050186,0.000000,r,112,206,226,233,241,255,269,284,302,314,329,350,387,416,476,556,633,677,802,1722,2067,2734,288.643392,3274082.000000,11343,w,2889,3373,3396,3404,3412,3426,3439,3452,3468,3476,3486,3497,3512,3521,3534,3555,3580,3598,3639,4290,6030,6589,3441.404203,3835933664.000000,1114642,s,2147483647,0,0,0,0,0,0,0,0,0,0,0,0,0,0,0,0,0,0,0,0,-2147483648,0,0.000000,0,c,0,0,0,0,0,0,0,0,0,0,0,0,0,0,0,0,0,0,2,2,6,3217,0.005535,4702065.000000,849479128
2024-09-11-03-24-48,4,780,60.000061,/blk/mp0,745,uniform-shuffle,"",200000.000000,32500.000000,60,1,0.990000,72.816589,0.716666,18641.681641,186.716476,0.000000,r,112,207,227,233,240,255,269,284,305,317,331,351,382,411,465,547,629,675,799,1154,1711,1729,288.161921,3228278.000000,11203,w,3214,3361,3382,3391,3399,3413,3427,3441,3456,3465,3475,3487,3502,3511,3525,3545,3571,3587,3624,3669,3707,6425,3429.578660,3835990590.000000,1118502,s,2147483647,0,0,0,0,0,0,0,0,0,0,0,0,0,0,0,0,0,0,0,0,-2147483648,0,0.000000,0,c,0,0,0,0,0,0,0,0,0,0,0,0,0,0,0,0,0,0,2,2,6,325,0.005511,4678754.000000,849026438
2024-09-11-03-24-48,4,840,59.999939,/blk/mp0,745,uniform-shuffle,"",200000.000000,32500.000000,60,1,0.990000,72.650070,0.716667,18598.718750,185.716858,0.000000,r,115,208,229,235,243,256,270,285,305,316,332,352,390,417,473,547,620,669,776,1600,1757,1777,290.107152,3232664.000000,11143,w,3170,3368,3390,3398,3406,3421,3434,3449,3464,3473,3483,3495,3511,3521,3535,3557,3584,3603,3641,3692,3751,6059,3437.501893,3835983987.000000,1115922,s,2147483647,0,0,0,0,0,0,0,0,0,0,0,0,0,0,0,0,0,0,0,0,-2147483648,0,0.000000,0,c,0,0,0,0,0,0,0,0,0,0,0,0,0,0,0,0,0,0,2,2,6,320,0.005503,4672647.000000,849080497
2024-09-11-03-24-48,4,900,60.000000,/blk/mp0,745,uniform-shuffle,"",200000.000000,32500.000000,60,1,0.990000,73.016670,0.716667,18694.683594,187.233337,0.000000,r,85,206,225,232,240,254,267,283,302,313,328,347,382,412,468,551,618,663,802,1465,1533,2047,286.713192,3220936.000000,11234,w,3105,3355,3376,3384,3392,3405,3418,3431,3445,3453,3462,3473,3487,3496,3509,3529,3553,3571,3611,3668,3706,6279,3419.858433,3835990227.000000,1121681,s,2147483647,0,0,0,0,0,0,0,0,0,0,0,0,0,0,0,0,0,0,0,0,-2147483648,0,0.000000,0,c,0,0,0,0,0,0,0,0,0,0,0,0,0,0,0,0,0,0,2,2,6,318,0.005541,4701813.000000,848555011
2024-09-11-03-24-48,4,960,60.000000,/blk/mp0,745,uniform-shuffle,"",200000.000000,32500.000000,60,1,0.990000,73.116669,0.733333,18718.800781,191.283340,0.000000,r,107,205,225,232,240,254,268,283,302,315,329,350,384,411,462,544,614,669,848,1413,1502,1558,286.743574,3290956.000000,11477,w,3180,3344,3367,3376,3384,3399,3414,3428,3443,3452,3462,3474,3488,3498,3512,3532,3557,3575,3615,3670,3700,6024,3415.391627,3835921967.000000,1123128,s,2147483647,0,0,0,0,0,0,0,0,0,0,0,0,0,0,0,0,0,0,0,0,-2147483648,0,0.000000,0,c,0,0,0,0,0,0,0,0,0,0,0,0,0,0,0,0,0,0,2,2,6,313,0.005449,4648704.000000,853188801
2024-09-11-03-46-33,4,60,60.000153,/blk/mp0,745,uniform-shuffle,"",150000.000000,24166.666016,60,1,0.990000,73.249817,0.733331,18753.685547,191.299515,0.000000,r,95,205,225,231,239,253,267,281,301,313,328,349,382,411,462,546,618,677,808,1685,1781,1791,286.207005,3285084.000000,11478,w,9,3348,3367,3374,3381,3394,3406,3418,3432,3440,3450,3461,3475,3484,3497,3517,3540,3556,3593,3641,3683,5699,3408.408528,3835223077.000000,1125224,s,19999,0,0,0,0,0,0,0,0,0,0,0,0,0,0,0,0,0,0,0,0,0,0,0.000000,0,c,0,0,0,0,0,0,0,0,0,0,0,0,0,0,0,0,0,0,2,2,6,77,0.005566,4728588.000000,849474363
2024-09-11-03-46-33,4,120,60.000008,/blk/mp0,745,uniform-shuffle,"",150000.000000,24166.666016,60,1,0.990000,73.249992,0.750000,18752.013672,192.933304,0.000000,r,85,204,223,230,238,252,266,282,301,313,326,346,382,410,461,542,610,666,778,1652,1807,1863,284.845024,3297366.000000,11576,w,3223,3350,3369,3376,3382,3394,3406,3418,3431,3439,3448,3459,3473,3483,3495,3515,3539,3557,3595,3644,3721,4663,3409.350504,3835931848.000000,1125121,s,2147483647,0,0,0,0,0,0,0,0,0,0,0,0,0,0,0,0,0,0,0,0,-2147483648,0,0.000000,0,c,0,0,0,0,0,0,0,0,0,0,0,0,0,0,0,0,0,0,2,2,6,342,0.005569,4729682.000000,849239486
2024-09-11-03-46-33,4,180,60.000008,/blk/mp0,745,uniform-shuffle,"",150000.000000,24166.666016,60,1,0.990000,73.433327,0.733333,18800.796875,188.199982,0.000000,r,100,204,224,230,238,253,266,280,298,310,326,346,378,409,461,541,612,649,741,1544,1719,1823,284.069430,3207712.000000,11292,w,3093,3342,3360,3367,3374,3386,3397,3409,3423,3431,3439,3450,3463,3473,3485,3505,3529,3546,3585,3632,3666,5684,3400.581244,3836018871.000000,1128048,s,2147483647,0,0,0,0,0,0,0,0,0,0,0,0,0,0,0,0,0,0,0,0,-2147483648,0,0.000000,0,c,0,0,0,0,0,0,0,0,0,0,0,0,0,0,0,0,0,0,2,2,6,311,0.005587,4742917.000000,848934448
2024-09-11-03-46-33,4,240,59.999969,/blk/mp0,745,uniform-shuffle,"",150000.000000,24166.666016,60,1,0.990000,72.600037,0.716667,18587.476562,186.566757,0.000000,r,117,207,226,233,241,256,269,284,304,315,330,350,384,415,470,548,616,665,756,1322,1432,1539,287.785957,3221476.000000,11194,w,3068,3380,3399,3406,3412,3424,3436,3448,3462,3470,3479,3489,3503,3512,3524,3544,3569,3587,3623,3674,3769,5508,3439.603121,3836010502.000000,1115248,s,2147483647,0,0,0,0,0,0,0,0,0,0,0,0,0,0,0,0,0,0,0,0,-2147483648,0,0.000000,0,c,0,0,0,0,0,0,0,0,0,0,0,0,0,0,0,0,0,0,2,2,6,314,0.005520,4690419.000000,849721344
2024-09-11-03-46-33,4,300,60.000031,/blk/mp0,745,uniform-shuffle,"",150000.000000,24166.666016,60,1,0.990000,72.666626,0.716666,18605.839844,185.466568,0.000000,r,116,206,225,232,239,254,267,283,303,315,330,349,387,419,474,561,640,689,1088,1657,1739,1770,288.203001,3207123.000000,11128,w,3135,3379,3396,3403,3409,3421,3432,3445,3458,3466,3475,3485,3499,3508,3520,3539,3562,3578,3612,3649,3689,6214,3436.226864,3836035296.000000,1116351,s,2147483647,0,0,0,0,0,0,0,0,0,0,0,0,0,0,0,0,0,0,0,0,-2147483648,0,0.000000,0,c,0,0,0,0,0,0,0,0,0,0,0,0,0,0,0,0,0,0,2,2,6,320,0.005528,4696712.000000,849589877
2024-09-11-03-46-33,4,360,60.000000,/blk/mp0,745,uniform-shuffle,"",150000.000000,24166.666016,60,1,0.990000,72.500000,0.733333,18561.650391,187.949997,0.000000,r,109,207,226,233,241,256,269,284,302,313,329,351,387,418,465,549,613,664,765,1427,1624,1794,288.108007,3248994.000000,11277,w,3116,3387,3404,3411,3418,3429,3440,3452,3466,3473,3482,3493,3507,3516,3528,3548,3573,3589,3626,3680,3721,3748,3444.364294,3835985070.000000,1113699,s,2147483647,0,0,0,0,0,0,0,0,0,0,0,0,0,0,0,0,0,0,0,0,-2147483648,0,0.000000,0,c,0,0,0,0,0,0,0,0,0,0,0,0,0,0,0,0,0,0,2,2,6,318,0.005519,4689835.000000,849753971
2024-09-11-03-46-33,4,420,60.000000,/blk/mp0,745,uniform-shuffle,"",150000.000000,24166.666016,60,1,0.990000,72.599998,0.716667,18588.683594,187.433334,0.000000,r,83,207,227,233,242,256,269,284,303,315,329,349,386,417,469,548,624,673,819,1516,1745,1835,288.355148,3242842.000000,11246,w,3122,3383,3400,3406,3413,3424,3435,3447,3461,3469,3477,3488,3501,3510,3523,3542,3565,3581,3616,3656,3685,5000,3439.366416,3835997590.000000,1115321,s,2147483647,0,0,0,0,0,0,0,0,0,0,0,0,0,0,0,0,0,0,0,0,-2147483648,0,0.000000,0,c,0,0,0,0,0,0,0,0,0,0,0,0,0,0,0,0,0,0,2,2,6,307,0.005519,4690006.000000,849786020
2024-09-11-03-46-33,4,480,60.000000,/blk/mp0,745,uniform-shuffle,"",150000.000000,24166.666016,60,1,0.990000,72.800003,0.733333,18637.550781,188.300003,0.000000,r,112,205,225,232,240,255,268,283,303,315,330,350,388,418,466,544,633,687,863,1758,1761,1876,287.876527,3252429.000000,11298,w,3140,3368,3388,3395,3402,3415,3427,3440,3454,3462,3471,3482,3496,3506,3518,3538,3562,3580,3618,3666,3750,5344,3430.325608,3835971902.000000,1118253,s,2147483647,0,0,0,0,0,0,0,0,0,0,0,0,0,0,0,0,0,0,0,0,-2147483648,0,0.000000,0,c,0,0,0,0,0,0,0,0,0,0,0,0,0,0,0,0,0,0,2,2,6,313,0.005539,4705676.000000,849483006
2024-09-11-03-46-33,4,540,60.000000,/blk/mp0,745,uniform-shuffle,"",150000.000000,24166.666016,60,1,0.990000,72.783333,0.716667,18635.349609,186.333328,0.000000,r,85,206,227,232,240,254,268,283,301,312,327,347,379,412,464,544,615,668,926,1791,1841,1883,286.814669,3206588.000000,11180,w,3165,3372,3390,3397,3403,3415,3427,3439,3453,3461,3470,3481,3495,3504,3516,3536,3560,3577,3608,3653,3682,3890,3430.788123,3836036247.000000,1118121,s,2147483647,0,0,0,0,0,0,0,0,0,0,0,0,0,0,0,0,0,0,0,0,-2147483648,0,0.000000,0,c,0,0,0,0,0,0,0,0,0,0,0,0,0,0,0,0,0,0,2,2,6,314,0.005540,4706251.000000,849546780
2024-09-11-03-46-33,4,600,59.999939,/blk/mp0,745,uniform-shuffle,"",150000.000000,24166.666016,60,1,0.990000,72.866737,0.733334,18657.435547,188.133530,0.000000,r,90,206,226,232,240,254,267,283,302,313,329,349,384,416,472,544,621,667,1015,1715,1761,1882,287.394401,3244108.000000,11288,w,3127,3365,3385,3392,3399,3411,3424,3436,3450,3458,3467,3478,3492,3501,3513,3533,3556,3572,3607,3661,3711,5727,3426.687199,3835987851.000000,1119445,s,2147483647,0,0,0,0,0,0,0,0,0,0,0,0,0,0,0,0,0,0,0,0,-2147483648,0,0.000000,0,c,0,0,0,0,0,0,0,0,0,0,0,0,0,0,0,0,0,0,2,2,6,314,0.005544,4710600.000000,849635987
2024-09-11-03-46-33,4,660,60.000000,/blk/mp0,745,uniform-shuffle,"",150000.000000,24166.666016,60,1,0.990000,72.849998,0.733333,18652.882812,189.699997,0.000000,r,90,206,226,233,241,255,268,283,302,312,327,346,379,406,456,543,614,649,750,1211,1255,1567,285.843613,3253472.000000,11382,w,3058,3366,3385,3392,3399,3412,3424,3437,3451,3459,3468,3479,3493,3502,3515,3535,3560,3578,3615,3663,3703,3730,3427.512922,3835979920.000000,1119173,s,2147483647,0,0,0,0,0,0,0,0,0,0,0,0,0,0,0,0,0,0,0,0,-2147483648,0,0.000000,0,c,0,0,0,0,0,0,0,0,0,0,0,0,0,0,0,0,0,0,2,2,6,313,0.005544,4709960.000000,849620308
2024-09-11-03-46-33,4,720,60.000000,/blk/mp0,745,uniform-shuffle,"",150000.000000,24166.666016,60,1,0.990000,73.016670,0.716667,18692.900391,185.983337,0.000000,r,108,206,226,232,240,254,268,283,303,314,329,347,381,413,466,545,619,657,961,1644,1758,1837,286.982884,3202442.000000,11159,w,3065,3355,3376,3384,3391,3405,3418,3431,3445,3454,3463,3474,3489,3498,3511,3531,3555,3573,3612,3661,3700,6136,3420.213082,3836022067.000000,1121574,s,2147483647,0,0,0,0,0,0,0,0,0,0,0,0,0,0,0,0,0,0,0,0,-2147483648,0,0.000000,0,c,0,0,0,0,0,0,0,0,0,0,0,0,0,0,0,0,0,0,2,2,6,325,0.005558,4721097.000000,849484502
2024-09-11-03-46-33,4,780,60.000000,/blk/mp0,745,uniform-shuffle,"",150000.000000,24166.666016,60,1,0.990000,73.150002,0.733333,18727.982422,190.016663,0.000000,r,110,206,225,231,239,253,266,281,300,311,326,345,379,411,467,544,629,672,805,1587,1675,1816,285.447417,3254386.000000,11401,w,3157,3355,3373,3380,3387,3399,3410,3422,3436,3443,3452,3463,3476,3486,3498,3517,3541,3557,3594,3654,3713,6656,3413.771833,3835983720.000000,1123679,s,2147483647,0,0,0,0,0,0,0,0,0,0,0,0,0,0,0,0,0,0,0,0,-2147483648,0,0.000000,0,c,0,0,0,0,0,0,0,0,0,0,0,0,0,0,0,0,0,0,2,2,6,314,0.005570,4730024.000000,849175961
2024-09-11-03-46-33,4,840,60.000000,/blk/mp0,745,uniform-shuffle,"",150000.000000,24166.666016,60,1,0.990000,73.250000,0.733333,18754.732422,187.866669,0.000000,r,113,205,224,231,238,252,266,282,301,313,329,349,385,421,475,560,633,678,762,1345,1625,1879,286.670688,3231352.000000,11272,w,3133,3352,3369,3376,3382,3394,3405,3417,3430,3438,3447,3457,3471,3480,3493,3512,3537,3553,3591,3633,3658,3900,3408.914314,3835996735.000000,1125284,s,2147483647,0,0,0,0,0,0,0,0,0,0,0,0,0,0,0,0,0,0,0,0,-2147483648,0,0.000000,0,c,0,0,0,0,0,0,0,0,0,0,0,0,0,0,0,0,0,0,2,2,6,312,0.005578,4735154.000000,848858378
2024-09-11-03-46-33,4,900,60.000061,/blk/mp0,745,uniform-shuffle,"",150000.000000,24166.666016,60,1,0.990000,73.283257,0.733333,18763.613281,187.916473,0.000000,r,96,204,223,230,238,251,265,280,299,310,325,346,377,407,462,539,619,674,784,1602,1611,1874,283.720887,3198953.000000,11275,w,3139,3350,3367,3374,3381,3392,3404,3416,3429,3436,3445,3456,3469,3478,3491,3510,3535,3552,3590,3647,3720,6267,3407.325258,3836028107.000000,1125818,s,2147483647,0,0,0,0,0,0,0,0,0,0,0,0,0,0,0,0,0,0,0,0,-2147483648,0,0.000000,0,c,0,0,0,0,0,0,0,0,0,0,0,0,0,0,0,0,0,0,2,2,6,313,0.005584,4739762.000000,848876231
2024-09-11-03-46-33,4,960,60.000000,/blk/mp0,745,uniform-shuffle,"",150000.000000,24166.666016,60,1,0.990000,73.283333,0.733333,18763.716797,188.116669,0.000000,r,103,205,223,230,237,252,266,281,299,310,325,345,380,416,467,548,622,672,807,1530,1673,1737,284.972358,3216483.000000,11287,w,3160,3349,3366,3373,3380,3392,3404,3416,3429,3437,3446,3457,3471,3480,3493,3512,3537,3554,3593,3637,3693,5748,3407.294855,3836010916.000000,1125823,s,2147483647,0,0,0,0,0,0,0,0,0,0,0,0,0,0,0,0,0,0,0,0,-2147483648,0,0.000000,0,c,0,0,0,0,0,0,0,0,0,0,0,0,0,0,0,0,0,0,2,2,6,317,0.005490,4685476.000000,853515334
2024-09-11-04-08-18,4,60,60.000118,/blk/mp0,745,uniform-shuffle,"",130000.000000,20833.333984,60,1,0.990000,72.983192,0.733332,18685.628906,190.082962,0.000000,r,84,204,224,231,239,254,267,283,303,315,329,350,384,415,468,541,621,678,1162,1750,1849,2373,287.098203,3274355.000000,11405,w,9,3361,3379,3387,3394,3406,3418,3431,3445,3453,3462,3473,3487,3496,3508,3528,3552,3570,3606,3655,3724,6134,3420.169117,3834488404.000000,1121140,s,19999,0,0,0,0,0,0,0,0,0,0,0,0,0,0,0,0,0,0,0,0,0,0,0.000000,0,c,0,0,0,0,0,0,0,0,0,0,0,0,0,0,0,0,0,0,2,2,6,152,0.005581,4730345.000000,847634328
2024-09-11-04-08-18,4,120,59.999989,/blk/mp0,745,uniform-shuffle,"",130000.000000,20833.333984,60,1,0.990000,72.716682,0.733333,18616.187500,189.366699,0.000000,r,85,206,226,232,240,254,268,283,303,313,329,350,382,415,473,549,618,656,793,1544,1549,1810,287.204717,3263220.000000,11362,w,3169,3368,3388,3396,3404,3418,3431,3445,3460,3468,3478,3490,3505,3515,3528,3549,3575,3594,3636,3683,3710,6384,3434.255068,3835963318.000000,1116971,s,2147483647,0,0,0,0,0,0,0,0,0,0,0,0,0,0,0,0,0,0,0,0,-2147483648,0,0.000000,0,c,0,0,0,0,0,0,0,0,0,0,0,0,0,0,0,0,0,0,2,2,6,325,0.005554,4711377.000000,848217799
2024-09-11-04-08-18,4,180,60.000000,/blk/mp0,745,uniform-shuffle,"",130000.000000,20833.333984,60,1,0.990000,72.750000,0.733333,18627.982422,188.033340,0.000000,r,97,206,226,232,240,255,269,283,303,315,330,351,386,421,470,552,621,664,781,1436,1567,1625,288.027211,3249523.000000,11282,w,3086,3369,3389,3396,3404,3417,3429,3442,3456,3464,3474,3485,3499,3509,3522,3542,3566,3583,3617,3662,3730,5849,3432.088115,3835972812.000000,1117679,s,2147483647,0,0,0,0,0,0,0,0,0,0,0,0,0,0,0,0,0,0,0,0,-2147483648,0,0.000000,0,c,0,0,0,0,0,0,0,0,0,0,0,0,0,0,0,0,0,0,2,2,6,320,0.005555,4711133.000000,848021580
2024-09-11-04-08-18,4,240,59.999985,/blk/mp0,745,uniform-shuffle,"",130000.000000,20833.333984,60,1,0.990000,72.833351,0.733334,18647.404297,191.316711,0.000000,r,99,205,224,231,239,254,268,283,301,314,330,349,381,415,473,556,620,673,776,1750,1757,1780,287.259430,3297451.000000,11479,w,3065,3362,3384,3392,3399,3413,3426,3439,3454,3462,3472,3483,3498,3507,3520,3540,3565,3583,3623,3664,3717,6303,3428.469509,3835922539.000000,1118844,s,2147483647,0,0,0,0,0,0,0,0,0,0,0,0,0,0,0,0,0,0,0,0,-2147483648,0,0.000000,0,c,0,0,0,0,0,0,0,0,0,0,0,0,0,0,0,0,0,0,2,2,6,318,0.005566,4718409.000000,847723789
2024-09-11-04-08-18,4,300,60.000000,/blk/mp0,745,uniform-shuffle,"",130000.000000,20833.333984,60,1,0.990000,72.883331,0.733333,18658.566406,188.633331,0.000000,r,83,206,227,233,241,255,268,283,304,316,330,351,388,421,477,548,623,678,835,1442,1458,1831,288.532515,3265611.000000,11318,w,3244,3365,3384,3392,3398,3411,3423,3436,3450,3458,3467,3478,3492,3502,3514,3534,3558,3575,3611,3656,3698,4480,3426.440343,3835947934.000000,1119514,s,2147483647,0,0,0,0,0,0,0,0,0,0,0,0,0,0,0,0,0,0,0,0,-2147483648,0,0.000000,0,c,0,0,0,0,0,0,0,0,0,0,0,0,0,0,0,0,0,0,2,2,6,335,0.005572,4722655.000000,847563081
2024-09-11-04-08-18,4,360,60.000061,/blk/mp0,745,uniform-shuffle,"",130000.000000,20833.333984,60,1,0.990000,73.033257,0.733333,18699.097656,187.966476,0.000000,r,87,205,224,231,239,253,266,281,299,310,325,345,375,403,459,543,627,678,833,1688,1705,1745,284.583614,3209534.000000,11278,w,3071,3352,3373,3382,3389,3403,3416,3430,3445,3454,3463,3475,3490,3499,3512,3533,3558,3576,3614,3662,3704,6090,3419.074148,3836019983.000000,1121947,s,2147483647,0,0,0,0,0,0,0,0,0,0,0,0,0,0,0,0,0,0,0,0,-2147483648,0,0.000000,0,c,0,0,0,0,0,0,0,0,0,0,0,0,0,0,0,0,0,0,2,2,6,321,0.005589,4736088.000000,847412156
2024-09-11-04-08-18,4,420,59.999969,/blk/mp0,745,uniform-shuffle,"",130000.000000,20833.333984,60,1,0.990000,73.283371,0.733334,18762.392578,189.983429,0.000000,r,105,204,223,230,237,253,266,281,298,309,324,346,378,408,457,537,622,676,906,1441,1444,1562,284.198088,3239574.000000,11399,w,3102,3343,3363,3371,3379,3392,3405,3418,3432,3441,3450,3461,3475,3485,3497,3517,3542,3559,3595,3650,3699,3903,3407.508858,3835979244.000000,1125743,s,2147483647,0,0,0,0,0,0,0,0,0,0,0,0,0,0,0,0,0,0,0,0,-2147483648,0,0.000000,0,c,0,0,0,0,0,0,0,0,0,0,0,0,0,0,0,0,0,0,2,2,6,315,0.005614,4756105.000000,847233972
2024-09-11-04-08-18,4,480,60.000000,/blk/mp0,745,uniform-shuffle,"",130000.000000,20833.333984,60,1,0.990000,73.183334,0.733333,18735.083984,191.149994,0.000000,r,96,205,224,231,239,253,267,282,302,312,328,347,384,414,470,552,627,674,929,1708,1767,1805,286.666667,3287780.000000,11469,w,3077,3350,3370,3377,3384,3397,3409,3422,3436,3444,3454,3465,3479,3488,3501,3521,3545,3562,3601,3651,3714,5337,3412.316529,3835802072.000000,1124105,s,2147483647,0,0,0,0,0,0,0,0,0,0,0,0,0,0,0,0,0,0,0,0,-2147483648,0,0.000000,0,c,0,0,0,0,0,0,0,0,0,0,0,0,0,0,0,0,0,0,2,2,6,313,0.005607,4752666.000000,847652440
2024-09-11-04-08-18,4,540,59.999969,/blk/mp0,745,uniform-shuffle,"",130000.000000,20833.333984,60,1,0.990000,73.233368,0.733334,18748.292969,189.183426,0.000000,r,86,204,223,230,238,253,266,281,299,311,328,347,382,412,466,544,628,684,976,1699,1732,1750,285.658180,3242506.000000,11351,w,3106,3351,3369,3377,3383,3395,3407,3419,3432,3440,3449,3460,3474,3483,3495,3515,3540,3558,3598,3655,3683,4543,3410.077919,3835986421.000000,1124897,s,2147483647,0,0,0,0,0,0,0,0,0,0,0,0,0,0,0,0,0,0,0,0,-2147483648,0,0.000000,0,c,0,0,0,0,0,0,0,0,0,0,0,0,0,0,0,0,0,0,2,2,6,310,0.005613,4757603.000000,847617994
2024-09-11-04-08-18,4,600,60.000000,/blk/mp0,745,uniform-shuffle,"",130000.000000,20833.333984,60,1,0.990000,72.550003,0.716667,18574.416016,187.416672,0.000000,r,95,206,226,233,241,256,269,284,303,314,328,349,385,417,469,549,623,680,898,1690,1698,1870,288.306358,3242005.000000,11245,w,3075,3382,3401,3408,3414,3427,3438,3451,3465,3473,3482,3492,3506,3515,3528,3548,3574,3591,3631,3681,3715,4474,3441.989942,3835977321.000000,1114465,s,2147483647,0,0,0,0,0,0,0,0,0,0,0,0,0,0,0,0,0,0,0,0,-2147483648,0,0.000000,0,c,0,0,0,0,0,0,0,0,0,0,0,0,0,0,0,0,0,0,2,2,6,326,0.005555,4711261.000000,848046372
2024-09-11-04-08-18,4,660,60.000122,/blk/mp0,745,uniform-shuffle,"",130000.000000,20833.333984,60,1,0.990000,72.583183,0.716665,18581.478516,187.549622,0.000000,r,102,207,227,233,241,255,269,285,304,314,330,349,382,410,461,542,621,670,772,1638,1709,1899,287.541722,3235707.000000,11253,w,3123,3384,3401,3407,3414,3425,3437,3449,3462,3470,3479,3490,3503,3513,3525,3544,3567,3583,3621,3687,3763,6322,3440.684453,3835988130.000000,1114891,s,2147483647,0,0,0,0,0,0,0,0,0,0,0,0,0,0,0,0,0,0,0,0,-2147483648,0,0.000000,0,c,0,0,0,0,0,0,0,0,0,0,0,0,0,0,0,0,0,0,2,2,6,316,0.005564,4717058.000000,847733692
2024-09-11-04-08-18,4,720,59.999939,/blk/mp0,745,uniform-shuffle,"",130000.000000,20833.333984,60,1,0.990000,72.566742,0.716667,18580.601562,186.566864,0.000000,r,103,207,228,233,241,256,268,284,304,315,330,349,384,417,471,551,624,678,781,1732,1785,1829,288.594604,3230528.000000,11194,w,3136,3384,3401,3408,3414,3426,3437,3449,3462,3470,3479,3489,3503,3512,3524,3544,3569,3586,3624,3683,3705,3737,3440.860982,3835992253.000000,1114835,s,2147483647,0,0,0,0,0,0,0,0,0,0,0,0,0,0,0,0,0,0,0,0,-2147483648,0,0.000000,0,c,0,0,0,0,0,0,0,0,0,0,0,0,0,0,0,0,0,0,2,2,6,320,0.005559,4712095.000000,847689350
2024-09-11-04-08-18,4,780,59.999939,/blk/mp0,745,uniform-shuffle,"",130000.000000,20833.333984,60,1,0.990000,72.650070,0.733334,18601.552734,188.933533,0.000000,r,83,206,227,232,241,255,268,283,301,313,328,348,379,410,463,545,615,673,799,1487,1490,1604,286.622971,3249158.000000,11336,w,3144,3379,3397,3404,3410,3422,3433,3445,3459,3466,3475,3486,3499,3509,3521,3540,3564,3580,3618,3668,3694,6250,3436.971782,3835976710.000000,1116092,s,2147483647,0,0,0,0,0,0,0,0,0,0,0,0,0,0,0,0,0,0,0,0,-2147483648,0,0.000000,0,c,0,0,0,0,0,0,0,0,0,0,0,0,0,0,0,0,0,0,2,2,6,313,0.005566,4719090.000000,847800135
2024-09-11-04-08-18,4,840,60.000000,/blk/mp0,745,uniform-shuffle,"",130000.000000,20833.333984,60,1,0.990000,72.866669,0.733333,18655.367188,189.250000,0.000000,r,87,206,226,232,240,254,268,284,304,315,331,349,381,412,464,535,607,654,792,1330,1398,1777,286.832937,3256988.000000,11355,w,3142,3366,3384,3392,3398,3411,3423,3436,3450,3459,3468,3479,3493,3503,3516,3536,3561,3578,3615,3661,3711,3728,3427.044749,3835966583.000000,1119322,s,2147483647,0,0,0,0,0,0,0,0,0,0,0,0,0,0,0,0,0,0,0,0,-2147483648,0,0.000000,0,c,0,0,0,0,0,0,0,0,0,0,0,0,0,0,0,0,0,0,2,2,6,327,0.005578,4728587.000000,847770054
2024-09-11-04-08-18,4,900,60.000061,/blk/mp0,745,uniform-shuffle,"",130000.000000,20833.333984,60,1,0.990000,72.849922,0.733333,18653.281250,188.533142,0.000000,r,96,206,225,232,239,253,266,282,300,311,326,347,382,412,467,548,623,672,818,1519,1723,1819,285.878713,3233860.000000,11312,w,3203,3368,3386,3393,3400,3412,3424,3436,3450,3458,3468,3478,3492,3501,3514,3534,3559,3576,3613,3671,3709,5634,3427.448172,3835993139.000000,1119198,s,2147483647,0,0,0,0,0,0,0,0,0,0,0,0,0,0,0,0,0,0,0,0,-2147483648,0,0.000000,0,c,0,0,0,0,0,0,0,0,0,0,0,0,0,0,0,0,0,0,2,2,6,324,0.005578,4728497.000000,847708279
2024-09-11-04-08-18,4,960,60.000000,/blk/mp0,745,uniform-shuffle,"",130000.000000,20833.333984,60,1,0.990000,72.949997,0.716667,18675.382812,184.166672,0.000000,r,110,205,225,231,239,253,267,283,301,312,328,348,382,413,466,555,635,695,1225,1813,1852,1860,287.229412,3173885.000000,11050,w,3103,3366,3384,3391,3397,3409,3420,3432,3445,3453,3462,3472,3485,3494,3506,3525,3548,3565,3602,3679,3792,5413,3423.453335,3836058201.000000,1120523,s,2147483647,0,0,0,0,0,0,0,0,0,0,0,0,0,0,0,0,0,0,0,0,-2147483648,0,0.000000,0,c,0,0,0,0,0,0,0,0,0,0,0,0,0,0,0,0,0,0,2,2,6,308,0.005502,4687343.000000,851896601
2024-09-11-04-30-03,4,60,60.000092,/blk/mp0,745,uniform-shuffle,"",120000.000000,19166.666016,60,1,0.990000,72.949890,0.733332,18677.021484,188.766373,0.000000,r,62,205,225,232,240,255,267,283,301,313,327,347,380,407,462,543,609,670,794,1658,1732,1870,286.051210,3239816.000000,11326,w,8,3358,3379,3387,3394,3407,3420,3433,3447,3456,3465,3476,3490,3500,3512,3532,3556,3573,3611,3663,3732,6178,3418.863614,3831257200.000000,1120623,s,19999,0,0,0,0,0,0,0,0,0,0,0,0,0,0,0,0,0,0,0,0,0,0,0.000000,0,c,0,0,0,0,0,0,0,0,0,0,0,0,0,0,0,0,0,0,2,2,6,150,0.005610,4766566.000000,849621581
2024-09-11-04-30-03,4,120,60.000015,/blk/mp0,745,uniform-shuffle,"",120000.000000,19166.666016,60,1,0.990000,72.966652,0.733333,18681.927734,188.799957,0.000000,r,105,206,227,233,240,255,268,284,303,315,331,351,386,420,478,549,618,659,873,1478,1756,1815,288.255738,3265361.000000,11328,w,3176,3360,3380,3387,3394,3407,3419,3432,3446,3454,3463,3474,3488,3497,3509,3529,3553,3570,3608,3652,3676,5484,3422.165911,3835960524.000000,1120916,s,2147483647,0,0,0,0,0,0,0,0,0,0,0,0,0,0,0,0,0,0,0,0,-2147483648,0,0.000000,0,c,0,0,0,0,0,0,0,0,0,0,0,0,0,0,0,0,0,0,2,2,6,346,0.005627,4774289.000000,848458304
2024-09-11-04-30-03,4,180,60.000000,/blk/mp0,745,uniform-shuffle,"",120000.000000,19166.666016,60,1,0.990000,73.250000,0.733333,18753.316406,188.100006,0.000000,r,99,205,226,231,240,254,267,282,301,312,328,349,386,417,472,559,647,689,846,1704,1763,1925,287.593833,3245784.000000,11286,w,3212,3352,3369,3376,3383,3394,3406,3417,3431,3438,3447,3457,3471,3480,3492,3511,3535,3553,3592,3643,3699,5828,3409.164864,3835988896.000000,1125199,s,2147483647,0,0,0,0,0,0,0,0,0,0,0,0,0,0,0,0,0,0,0,0,-2147483648,0,0.000000,0,c,0,0,0,0,0,0,0,0,0,0,0,0,0,0,0,0,0,0,2,2,6,328,0.005651,4792145.000000,848040111
2024-09-11-04-30-03,4,240,60.000015,/blk/mp0,745,uniform-shuffle,"",120000.000000,19166.666016,60,1,0.990000,73.183311,0.733333,18735.611328,189.149948,0.000000,r,95,205,225,231,239,254,267,283,302,314,328,348,384,420,474,550,624,680,819,1709,1745,1747,287.341968,3261044.000000,11349,w,3104,3355,3373,3380,3386,3397,3409,3420,3434,3441,3450,3461,3475,3484,3496,3515,3539,3555,3592,3630,3694,5694,3412.367334,3835968378.000000,1124137,s,2147483647,0,0,0,0,0,0,0,0,0,0,0,0,0,0,0,0,0,0,0,0,-2147483648,0,0.000000,0,c,0,0,0,0,0,0,0,0,0,0,0,0,0,0,0,0,0,0,2,2,6,327,0.005641,4786355.000000,848452808
2024-09-11-04-30-03,4,300,59.999969,/blk/mp0,745,uniform-shuffle,"",120000.000000,19166.666016,60,1,0.990000,73.283371,0.733334,18763.058594,189.950104,0.000000,r,111,205,224,231,239,254,267,282,300,312,327,348,381,408,461,539,622,668,800,1576,1597,1735,285.591735,3254889.000000,11397,w,3198,3349,3367,3374,3380,3392,3404,3416,3430,3437,3446,3457,3471,3480,3493,3512,3536,3553,3591,3646,3680,4731,3407.378658,3835968968.000000,1125783,s,2147483647,0,0,0,0,0,0,0,0,0,0,0,0,0,0,0,0,0,0,0,0,-2147483648,0,0.000000,0,c,0,0,0,0,0,0,0,0,0,0,0,0,0,0,0,0,0,0,2,2,6,330,0.005650,4792691.000000,848302886
2024-09-11-04-30-03,4,360,60.000031,/blk/mp0,745,uniform-shuffle,"",120000.000000,19166.666016,60,1,0.990000,73.249962,0.733333,18753.541016,191.616562,0.000000,r,118,205,225,232,240,254,268,283,303,315,330,350,385,418,477,555,629,674,832,1645,1695,1827,288.201966,3313458.000000,11497,w,3132,3351,3369,3376,3383,3394,3406,3417,3431,3438,3447,3457,3471,3480,3492,3512,3536,3554,3591,3667,3750,4558,3409.066768,3835926245.000000,1125213,s,2147483647,0,0,0,0,0,0,0,0,0,0,0,0,0,0,0,0,0,0,0,0,-2147483648,0,0.000000,0,c,0,0,0,0,0,0,0,0,0,0,0,0,0,0,0,0,0,0,2,2,6,326,0.005647,4790214.000000,848227861
2024-09-11-04-30-03,4,420,60.000000,/blk/mp0,745,uniform-shuffle,"",120000.000000,19166.666016,60,1,0.990000,73.183334,0.716667,18738.949219,186.399994,0.000000,r,89,206,226,232,240,254,267,282,301,312,327,347,383,415,467,544,620,667,773,1526,1627,1648,286.196620,3200823.000000,11184,w,3167,3354,3371,3378,3385,3397,3408,3420,3434,3442,3450,3461,3475,3484,3496,3515,3539,3555,3592,3646,3678,6247,3411.809463,3836023616.000000,1124337,s,2147483647,0,0,0,0,0,0,0,0,0,0,0,0,0,0,0,0,0,0,0,0,-2147483648,0,0.000000,0,c,0,0,0,0,0,0,0,0,0,0,0,0,0,0,0,0,0,0,2,2,6,342,0.005649,4790658.000000,847997364
2024-09-11-04-30-03,4,480,60.000000,/blk/mp0,745,uniform-shuffle,"",120000.000000,19166.666016,60,1,0.990000,72.716667,0.733333,18616.183594,188.433334,0.000000,r,110,207,226,233,241,256,270,285,305,316,331,350,383,418,475,555,629,677,817,1402,1572,1689,289.348841,3271378.000000,11306,w,3240,3369,3389,3397,3404,3417,3430,3444,3459,3468,3478,3489,3504,3515,3528,3550,3577,3598,3636,3685,3736,4266,3434.252303,3835960229.000000,1116971,s,2147483647,0,0,0,0,0,0,0,0,0,0,0,0,0,0,0,0,0,0,0,0,-2147483648,0,0.000000,0,c,0,0,0,0,0,0,0,0,0,0,0,0,0,0,0,0,0,0,2,2,6,335,0.005593,4751089.000000,849513711
2024-09-11-04-30-03,4,540,59.999969,/blk/mp0,745,uniform-shuffle,"",120000.000000,19166.666016,60,1,0.990000,72.783371,0.733334,18634.642578,190.300095,0.000000,r,111,206,225,232,241,255,268,283,302,313,328,347,386,418,470,547,630,671,902,1755,1826,1885,287.986337,3288228.000000,11418,w,3047,3369,3388,3396,3403,3415,3428,3440,3455,3462,3471,3482,3496,3506,3518,3539,3564,3582,3619,3679,4065,4889,3430.836454,3835942761.000000,1118078,s,2147483647,0,0,0,0,0,0,0,0,0,0,0,0,0,0,0,0,0,0,0,0,-2147483648,0,0.000000,0,c,0,0,0,0,0,0,0,0,0,0,0,0,0,0,0,0,0,0,2,2,6,1011,0.005602,4756339.000000,849109083
2024-09-11-04-30-03,4,600,60.000000,/blk/mp0,745,uniform-shuffle,"",120000.000000,19166.666016,60,1,0.990000,72.833336,0.716667,18646.732422,187.583328,0.000000,r,87,204,224,231,239,254,267,282,301,313,327,347,382,410,466,545,621,658,807,1556,1598,1636,285.841315,3217144.000000,11255,w,3154,3364,3385,3393,3400,3413,3426,3439,3453,3462,3471,3482,3497,3507,3519,3540,3565,3583,3622,3675,3710,5734,3428.678180,3836018863.000000,1118804,s,2147483647,0,0,0,0,0,0,0,0,0,0,0,0,0,0,0,0,0,0,0,0,-2147483648,0,0.000000,0,c,0,0,0,0,0,0,0,0,0,0,0,0,0,0,0,0,0,0,2,2,6,326,0.005605,4759068.000000,849088053
2024-09-11-04-30-03,4,660,60.000000,/blk/mp0,745,uniform-shuffle,"",120000.000000,19166.666016,60,1,0.990000,72.916664,0.733333,18670.216797,188.716660,0.000000,r,108,205,225,232,239,254,268,282,301,313,327,347,380,412,464,546,628,675,796,1655,1759,1851,286.079043,3239273.000000,11323,w,3241,3364,3383,3390,3397,3409,3421,3433,3447,3455,3464,3475,3489,3498,3510,3531,3554,3571,3605,3659,3688,6627,3424.350555,3836002008.000000,1120213,s,2147483647,0,0,0,0,0,0,0,0,0,0,0,0,0,0,0,0,0,0,0,0,-2147483648,0,0.000000,0,c,0,0,0,0,0,0,0,0,0,0,0,0,0,0,0,0,0,0,2,2,6,325,0.005614,4767178.000000,849165267
2024-09-11-04-30-03,4,720,60.000000,/blk/mp0,745,uniform-shuffle,"",120000.000000,19166.666016,60,1,0.990000,73.033333,0.733333,18697.833984,191.816666,0.000000,r,102,206,225,231,239,253,267,282,301,312,327,346,380,413,469,546,625,677,827,1557,1796,1813,286.389347,3296055.000000,11509,w,3222,3355,3375,3383,3390,3403,3416,3429,3444,3452,3462,3473,3487,3497,3510,3529,3555,3572,3611,3656,3686,6506,3419.234894,3835937050.000000,1121870,s,2147483647,0,0,0,0,0,0,0,0,0,0,0,0,0,0,0,0,0,0,0,0,-2147483648,0,0.000000,0,c,0,0,0,0,0,0,0,0,0,0,0,0,0,0,0,0,0,0,2,2,6,330,0.005622,4773406.000000,849033789
2024-09-11-04-30-03,4,780,60.000061,/blk/mp0,745,uniform-shuffle,"",120000.000000,19166.666016,60,1,0.990000,73.033257,0.733333,18697.365234,190.433136,0.000000,r,108,205,225,232,240,254,267,283,302,313,329,349,382,414,469,548,619,664,852,1647,1671,1769,286.749956,3276405.000000,11426,w,3215,3357,3376,3384,3391,3404,3416,3429,3443,3452,3461,3472,3486,3495,3508,3528,3552,3569,3608,3656,3708,5975,3419.341670,3835964517.000000,1121843,s,2147483647,0,0,0,0,0,0,0,0,0,0,0,0,0,0,0,0,0,0,0,0,-2147483648,0,0.000000,0,c,0,0,0,0,0,0,0,0,0,0,0,0,0,0,0,0,0,0,2,2,6,330,0.005621,4772123.000000,849034388
2024-09-11-04-30-03,4,840,60.000000,/blk/mp0,745,uniform-shuffle,"",120000.000000,19166.666016,60,1,0.990000,73.266670,0.733333,18756.416016,190.516663,0.000000,r,92,204,223,231,238,252,266,281,300,312,326,346,377,405,459,537,616,661,806,1684,1698,1925,284.543609,3252618.000000,11431,w,3141,3345,3365,3373,3380,3393,3405,3418,3433,3441,3450,3461,3476,3485,3498,3518,3542,3560,3598,3658,3723,3738,3408.571405,3835955131.000000,1125385,s,2147483647,0,0,0,0,0,0,0,0,0,0,0,0,0,0,0,0,0,0,0,0,-2147483648,0,0.000000,0,c,0,0,0,0,0,0,0,0,0,0,0,0,0,0,0,0,0,0,2,2,6,331,0.005641,4787838.000000,848732394
2024-09-11-04-30-03,4,900,59.999939,/blk/mp0,745,uniform-shuffle,"",120000.000000,19166.666016,60,1,0.990000,72.850075,0.733334,18651.935547,187.950195,0.000000,r,78,205,225,231,239,253,266,281,299,310,326,347,383,418,469,548,625,669,768,1327,1613,1665,285.691230,3221740.000000,11277,w,3121,3358,3381,3390,3397,3412,3425,3439,3455,3464,3473,3485,3500,3509,3523,3543,3568,3586,3622,3665,3707,3732,3427.717281,3836009825.000000,1119115,s,2147483647,0,0,0,0,0,0,0,0,0,0,0,0,0,0,0,0,0,0,0,0,-2147483648,0,0.000000,0,c,0,0,0,0,0,0,0,0,0,0,0,0,0,0,0,0,0,0,2,2,6,325,0.005606,4760828.000000,849171080
2024-09-11-04-30-03,4,960,60.000061,/blk/mp0,745,uniform-shuffle,"",120000.000000,19166.666016,60,1,0.990000,72.549927,0.716666,18574.947266,185.983139,0.000000,r,88,207,226,233,241,255,268,284,302,313,329,350,389,420,478,566,631,685,896,1343,1368,1814,289.010216,3225065.000000,11159,w,3211,3382,3400,3408,3414,3426,3439,3451,3465,3473,3482,3493,3506,3516,3528,3548,3572,3589,3628,3677,3746,5390,3441.926525,3836020228.000000,1114498,s,2147483647,0,0,0,0,0,0,0,0,0,0,0,0,0,0,0,0,0,0,0,0,-2147483648,0,0.000000,0,c,0,0,0,0,0,0,0,0,0,0,0,0,0,0,0,0,0,0,2,2,6,324,0.005534,4719038.000000,852758100
2024-09-11-04-51-47,4,60,59.999989,/blk/mp0,745,uniform-shuffle,"",110000.000000,17500.000000,60,1,0.990000,67.700012,0.666667,17331.537109,173.950027,0.000000,r,61,106,180,209,225,248,268,287,311,324,342,367,411,456,510,591,685,811,1524,1947,3639,7371,273.754144,2857172.000000,10437,w,8,10,3341,3379,3401,3442,3511,3597,3667,3707,3746,3779,3815,3838,3873,4282,5711,7407,17163,19998,19998,19998,3059.732255,3181791094.000000,1039892,s,19999,0,0,0,0,0,0,0,0,0,0,0,0,0,0,0,0,0,0,0,0,0,0,0.000000,0,c,0,0,0,0,0,0,0,0,0,0,0,0,0,0,0,0,0,0,2,3,6,88,0.005087,4345979.000000,854284372
2024-09-11-04-51-47,4,120,60.000015,/blk/mp0,745,uniform-shuffle,"",110000.000000,17500.000000,60,1,0.990000,67.716652,0.683333,17336.228516,175.766617,0.000000,r,61,106,152,206,224,249,271,291,312,326,341,361,392,416,458,541,630,693,1029,1715,1730,1900,266.302010,2808421.000000,10546,w,8,10,3335,3525,3563,3606,3642,3679,3719,3739,3759,3780,3804,3819,3838,3866,3899,3922,3970,4021,4048,6551,3039.128553,3161222503.000000,1040174,s,2147483647,0,0,0,0,0,0,0,0,0,0,0,0,0,0,0,0,0,0,0,0,-2147483648,0,0.000000,0,c,0,0,0,0,0,0,0,0,0,0,0,0,0,0,0,0,0,0,2,3,6,361,0.005128,4371288.000000,852447942
2024-09-11-04-51-47,4,180,59.999992,/blk/mp0,745,uniform-shuffle,"",110000.000000,17500.000000,60,1,0.990000,67.616676,0.683333,17313.703125,175.883362,0.000000,r,61,107,181,215,232,254,274,294,315,328,344,365,394,419,461,546,624,684,828,1614,1671,1738,270.933668,2859163.000000,10553,w,8,10,3417,3527,3561,3609,3654,3698,3741,3761,3781,3802,3826,3842,3862,3891,3925,3950,3996,4071,4269,7033,3092.193589,3212238728.000000,1038822,s,2147483647,0,0,0,0,0,0,0,0,0,0,0,0,0,0,0,0,0,0,0,0,-2147483648,0,0.000000,0,c,0,0,0,0,0,0,0,0,0,0,0,0,0,0,0,0,0,0,2,3,6,322,0.005132,4373541.000000,852219613
2024-09-11-04-51-47,4,240,60.000000,/blk/mp0,745,uniform-shuffle,"",110000.000000,17500.000000,60,1,0.990000,67.716667,0.666667,17338.666016,173.133331,0.000000,r,61,106,149,204,223,250,270,290,312,325,341,360,392,415,459,542,639,696,827,1593,1859,1873,266.015691,2763371.000000,10388,w,8,10,2872,3500,3549,3597,3639,3682,3727,3749,3770,3791,3815,3830,3848,3876,3907,3928,3969,4045,4161,4263,3013.873725,3135393114.000000,1040320,s,2147483647,0,0,0,0,0,0,0,0,0,0,0,0,0,0,0,0,0,0,0,0,-2147483648,0,0.000000,0,c,0,0,0,0,0,0,0,0,0,0,0,0,0,0,0,0,0,0,2,3,6,317,0.005123,4364523.000000,851949524
2024-09-11-04-51-47,4,300,60.000000,/blk/mp0,745,uniform-shuffle,"",110000.000000,17500.000000,60,1,0.990000,67.750000,0.666667,17347.367188,174.100006,0.000000,r,61,106,151,204,225,252,272,292,312,325,340,362,394,420,466,552,646,702,893,1592,1652,1775,267.538101,2794703.000000,10446,w,8,10,3295,3536,3572,3615,3651,3684,3716,3732,3748,3766,3788,3801,3818,3844,3875,3896,3946,4044,4184,6514,3059.095058,3184034618.000000,1040842,s,2147483647,0,0,0,0,0,0,0,0,0,0,0,0,0,0,0,0,0,0,0,0,-2147483648,0,0.000000,0,c,0,0,0,0,0,0,0,0,0,0,0,0,0,0,0,0,0,0,2,3,6,337,0.005137,4375746.000000,851764234
2024-09-11-04-51-47,4,360,60.000000,/blk/mp0,745,uniform-shuffle,"",110000.000000,17500.000000,60,1,0.990000,67.616669,0.666667,17311.449219,173.600006,0.000000,r,10,105,120,182,215,246,269,289,311,325,341,360,394,416,458,543,636,686,791,1493,1593,1657,261.196525,2720623.000000,10416,w,8,10,1141,3416,3528,3589,3636,3682,3729,3750,3771,3793,3818,3832,3851,3879,3911,3933,3981,4053,4157,6846,2918.824741,3031745314.000000,1038687,s,2147483647,0,0,0,0,0,0,0,0,0,0,0,0,0,0,0,0,0,0,0,0,-2147483648,0,0.000000,0,c,0,0,0,0,0,0,0,0,0,0,0,0,0,0,0,0,0,0,2,3,6,318,0.005103,4346302.000000,851663125
2024-09-11-04-51-47,4,420,59.999969,/blk/mp0,745,uniform-shuffle,"",110000.000000,17500.000000,60,1,0.990000,67.683365,0.683334,17327.642578,175.466751,0.000000,r,61,107,184,214,232,254,273,292,314,327,341,360,391,414,454,540,621,676,784,1591,1621,1670,269.841470,2840891.000000,10528,w,8,10,3452,3523,3553,3600,3648,3701,3749,3770,3790,3810,3834,3849,3867,3894,3926,3948,3993,4047,4187,4279,3113.990444,3237485077.000000,1039658,s,2147483647,0,0,0,0,0,0,0,0,0,0,0,0,0,0,0,0,0,0,0,0,-2147483648,0,0.000000,0,c,0,0,0,0,0,0,0,0,0,0,0,0,0,0,0,0,0,0,2,3,6,325,0.005145,4381243.000000,851499040
2024-09-11-04-51-47,4,480,60.000031,/blk/mp0,745,uniform-shuffle,"",110000.000000,17500.000000,60,1,0.990000,67.649963,0.666666,17320.740234,174.316574,0.000000,r,61,106,157,209,228,252,272,291,313,325,340,360,393,416,462,544,632,673,780,1075,1174,1814,267.066832,2793252.000000,10459,w,8,10,3146,3518,3559,3609,3651,3693,3735,3754,3773,3794,3819,3834,3853,3883,3916,3941,3987,4046,4112,4136,3021.557273,3140138288.000000,1039245,s,2147483647,0,0,0,0,0,0,0,0,0,0,0,0,0,0,0,0,0,0,0,0,-2147483648,0,0.000000,0,c,0,0,0,0,0,0,0,0,0,0,0,0,0,0,0,0,0,0,2,3,6,318,0.005120,4362635.000000,852070958
2024-09-11-04-51-47,4,540,59.999969,/blk/mp0,745,uniform-shuffle,"",110000.000000,17500.000000,60,1,0.990000,67.716698,0.666667,17338.492188,172.550095,0.000000,r,61,107,191,217,234,255,273,293,313,326,341,362,393,420,467,552,630,678,767,1237,1513,1707,271.662224,2812519.000000,10353,w,8,10,3478,3544,3573,3615,3651,3688,3726,3745,3766,3787,3811,3825,3844,3872,3903,3922,3965,4018,4063,5395,3110.907839,3236305423.000000,1040309,s,2147483647,0,0,0,0,0,0,0,0,0,0,0,0,0,0,0,0,0,0,0,0,-2147483648,0,0.000000,0,c,0,0,0,0,0,0,0,0,0,0,0,0,0,0,0,0,0,0,2,3,6,318,0.005150,4384678.000000,851348481
2024-09-11-04-51-47,4,600,60.000000,/blk/mp0,745,uniform-shuffle,"",110000.000000,17500.000000,60,1,0.990000,67.666664,0.683333,17324.199219,177.983337,0.000000,r,61,105,120,171,211,244,267,287,310,323,340,361,391,417,461,550,636,697,836,1518,1551,1643,259.688079,2773209.000000,10679,w,8,10,1738,3396,3533,3599,3642,3682,3720,3739,3759,3780,3806,3822,3842,3874,3911,3934,3989,4069,4164,6593,2937.201386,3053079855.000000,1039452,s,2147483647,0,0,0,0,0,0,0,0,0,0,0,0,0,0,0,0,0,0,0,0,-2147483648,0,0.000000,0,c,0,0,0,0,0,0,0,0,0,0,0,0,0,0,0,0,0,0,2,3,6,324,0.005108,4349946.000000,851641693
2024-09-11-04-51-47,4,660,60.000000,/blk/mp0,745,uniform-shuffle,"",110000.000000,17500.000000,60,1,0.990000,67.800003,0.666667,17357.117188,173.050003,0.000000,r,61,107,167,208,228,252,271,290,309,322,336,357,387,418,460,547,633,695,799,1161,1419,1581,266.476163,2766822.000000,10383,w,8,10,3380,3527,3559,3603,3641,3682,3723,3743,3763,3784,3807,3821,3839,3866,3897,3918,3967,4043,4106,4628,3056.553125,3183176951.000000,1041427,s,2147483647,0,0,0,0,0,0,0,0,0,0,0,0,0,0,0,0,0,0,0,0,-2147483648,0,0.000000,0,c,0,0,0,0,0,0,0,0,0,0,0,0,0,0,0,0,0,0,2,3,6,315,0.005145,4380943.000000,851523216
2024-09-11-04-51-47,4,720,60.000000,/blk/mp0,745,uniform-shuffle,"",110000.000000,17500.000000,60,1,0.990000,67.599998,0.700000,17308.250000,179.583328,0.000000,r,61,106,128,194,219,248,269,289,310,323,339,360,391,418,469,553,625,667,793,1460,1755,1778,263.297541,2837031.000000,10775,w,8,10,2462,3500,3557,3611,3654,3697,3735,3753,3771,3791,3814,3828,3846,3875,3907,3930,3983,4046,4250,4791,2988.549727,3103593949.000000,1038495,s,2147483647,0,0,0,0,0,0,0,0,0,0,0,0,0,0,0,0,0,0,0,0,-2147483648,0,0.000000,0,c,0,0,0,0,0,0,0,0,0,0,0,0,0,0,0,0,0,0,2,3,6,324,0.005114,4355445.000000,851632455
2024-09-11-04-51-47,4,780,60.000000,/blk/mp0,745,uniform-shuffle,"",110000.000000,17500.000000,60,1,0.990000,67.683334,0.683333,17328.617188,175.566666,0.000000,r,61,106,131,196,221,248,269,289,312,324,340,360,392,421,473,554,641,701,995,1707,1708,1895,265.021739,2791739.000000,10534,w,8,10,2743,3476,3533,3594,3641,3683,3723,3743,3764,3788,3816,3834,3856,3887,3923,3946,4000,4080,4174,5946,2994.039452,3112953717.000000,1039717,s,2147483647,0,0,0,0,0,0,0,0,0,0,0,0,0,0,0,0,0,0,0,0,-2147483648,0,0.000000,0,c,0,0,0,0,0,0,0,0,0,0,0,0,0,0,0,0,0,0,2,3,6,325,0.005115,4358855.000000,852162905
2024-09-11-04-51-47,4,840,60.000122,/blk/mp0,745,uniform-shuffle,"",110000.000000,17500.000000,60,1,0.990000,67.683197,0.666665,17328.798828,174.549652,0.000000,r,61,106,151,207,226,253,271,291,314,328,343,366,397,424,472,554,640,692,882,1813,1876,2023,268.040676,2807190.000000,10473,w,8,10,3335,3501,3541,3593,3638,3684,3733,3756,3778,3801,3827,3842,3862,3892,3926,3949,4002,4064,4119,4579,3027.717713,3148008938.000000,1039730,s,2147483647,0,0,0,0,0,0,0,0,0,0,0,0,0,0,0,0,0,0,0,0,-2147483648,0,0.000000,0,c,0,0,0,0,0,0,0,0,0,0,0,0,0,0,0,0,0,0,2,3,6,324,0.005124,4364096.000000,851702804
2024-09-11-04-51-47,4,900,59.999878,/blk/mp0,745,uniform-shuffle,"",110000.000000,17500.000000,60,1,0.990000,67.633469,0.683335,17315.035156,175.000351,0.000000,r,61,107,157,206,225,250,270,289,310,323,339,358,388,411,455,535,621,669,838,1253,1363,1576,264.952762,2782004.000000,10500,w,8,10,3319,3505,3550,3601,3643,3688,3736,3759,3781,3803,3827,3842,3860,3887,3918,3940,3987,4108,4220,7033,3050.357533,3169016441.000000,1038900,s,2147483647,0,0,0,0,0,0,0,0,0,0,0,0,0,0,0,0,0,0,0,0,-2147483648,0,0.000000,0,c,0,0,0,0,0,0,0,0,0,0,0,0,0,0,0,0,0,0,2,3,6,312,0.005124,4365482.000000,851968651
2024-09-11-04-51-47,4,960,60.000000,/blk/mp0,745,uniform-shuffle,"",110000.000000,17500.000000,60,1,0.990000,67.599998,0.666667,17309.800781,171.916672,0.000000,r,61,107,184,214,231,254,273,293,315,328,345,364,396,424,468,554,635,685,801,1183,1211,1225,271.189142,2797316.000000,10315,w,8,10,3461,3539,3572,3620,3660,3700,3740,3760,3780,3800,3823,3837,3856,3884,3915,3937,3988,4073,4208,6982,3130.172174,3250959258.000000,1038588,s,2147483647,0,0,0,0,0,0,0,0,0,0,0,0,0,0,0,0,0,0,0,0,-2147483648,0,0.000000,0,c,0,0,0,0,0,0,0,0,0,0,0,0,0,0,0,0,0,0,2,3,6,327,0.005098,4357433.000000,854809057
2024-09-11-05-13-32,4,60,60.000153,/blk/mp0,745,uniform-shuffle,"",100000.000000,15833.333008,60,1,0.990000,61.233177,0.616665,15677.560547,158.966263,0.000000,r,61,68,106,108,114,142,233,277,312,330,351,378,415,446,503,596,717,835,1638,8057,8057,10151,241.184630,2300419.000000,9538,w,8,9,10,10,124,3139,3542,3843,3986,4048,4103,4155,4224,4274,4336,4440,5483,7460,18552,19998,19998,19998,2578.548240,2425526873.000000,940656,s,19999,0,0,0,0,0,0,0,0,0,0,0,0,0,0,0,0,0,0,0,0,0,0,0.000000,0,c,0,0,0,0,0,0,0,0,0,0,0,0,0,0,0,0,0,0,2,3,6,169,0.004366,3779346.000000,865546003
2024-09-11-05-13-32,4,120,60.000008,/blk/mp0,745,uniform-shuffle,"",100000.000000,15833.333008,60,1,0.990000,61.316658,0.600000,15701.148438,155.599976,0.000000,r,61,69,105,107,109,118,144,233,286,309,329,354,386,410,439,506,616,674,783,1499,1499,1750,208.533526,1946869.000000,9336,w,8,9,10,10,13,1459,3358,3854,3978,4027,4080,4136,4196,4235,4291,4372,4436,4473,4544,4699,4962,5163,2324.035228,2189401543.000000,942069,s,2147483647,0,0,0,0,0,0,0,0,0,0,0,0,0,0,0,0,0,0,0,0,-2147483648,0,0.000000,0,c,0,0,0,0,0,0,0,0,0,0,0,0,0,0,0,0,0,0,2,3,6,381,0.004403,3790103.000000,860799805
2024-09-11-05-13-32,4,180,60.000015,/blk/mp0,745,uniform-shuffle,"",100000.000000,15833.333008,60,1,0.990000,61.266651,0.616666,15684.996094,159.999954,0.000000,r,61,73,105,107,109,119,148,235,291,313,336,360,391,413,442,516,610,676,873,2032,2032,2203,211.494896,2030351.000000,9600,w,8,9,10,10,20,1484,3222,3866,3993,4043,4088,4132,4185,4219,4265,4332,4398,4435,4516,4627,4735,5029,2313.769398,2177488380.000000,941100,s,2147483647,0,0,0,0,0,0,0,0,0,0,0,0,0,0,0,0,0,0,0,0,-2147483648,0,0.000000,0,c,0,0,0,0,0,0,0,0,0,0,0,0,0,0,0,0,0,0,2,3,6,343,0.004399,3785666.000000,860571960
2024-09-11-05-13-32,4,240,59.999969,/blk/mp0,745,uniform-shuffle,"",100000.000000,15833.333008,60,1,0.990000,61.133366,0.600000,15652.241211,157.716751,0.000000,r,61,67,105,107,109,120,182,263,306,324,344,368,401,425,464,527,624,688,806,1548,1548,1811,221.730846,2098239.000000,9463,w,8,9,10,10,18,1770,3610,3915,4014,4064,4112,4162,4220,4259,4306,4368,4431,4469,4545,4644,4779,7476,2396.835676,2250949876.000000,939134,s,2147483647,0,0,0,0,0,0,0,0,0,0,0,0,0,0,0,0,0,0,0,0,-2147483648,0,0.000000,0,c,0,0,0,0,0,0,0,0,0,0,0,0,0,0,0,0,0,0,2,3,6,322,0.004409,3796064.000000,860926293
2024-09-11-05-13-32,4,300,60.000015,/blk/mp0,745,uniform-shuffle,"",100000.000000,15833.333008,60,1,0.990000,61.283318,0.616666,15689.712891,158.849960,0.000000,r,61,70,105,107,109,119,155,251,297,318,338,362,393,417,452,523,634,698,837,1661,1661,1769,215.520092,2054122.000000,9531,w,8,9,10,10,12,1662,3392,3874,3992,4044,4094,4140,4197,4237,4291,4354,4410,4447,4524,4696,4839,4871,2342.210266,2204916927.000000,941383,s,2147483647,0,0,0,0,0,0,0,0,0,0,0,0,0,0,0,0,0,0,0,0,-2147483648,0,0.000000,0,c,0,0,0,0,0,0,0,0,0,0,0,0,0,0,0,0,0,0,2,3,6,331,0.004413,3796412.000000,860353484
2024-09-11-05-13-32,4,360,60.000000,/blk/mp0,745,uniform-shuffle,"",100000.000000,15833.333008,60,1,0.990000,61.150002,0.600000,15656.150391,156.683334,0.000000,r,61,67,105,107,109,118,151,247,295,315,337,361,392,414,447,528,636,713,921,1671,1671,1840,214.229656,2013973.000000,9401,w,8,9,10,10,12,1215,3150,3853,3992,4043,4089,4137,4191,4227,4277,4344,4406,4448,4530,4708,4877,7460,2269.129741,2131550136.000000,939369,s,2147483647,0,0,0,0,0,0,0,0,0,0,0,0,0,0,0,0,0,0,0,0,-2147483648,0,0.000000,0,c,0,0,0,0,0,0,0,0,0,0,0,0,0,0,0,0,0,0,2,3,6,330,0.004384,3775115.000000,861202079
2024-09-11-05-13-32,4,420,60.000031,/blk/mp0,745,uniform-shuffle,"",100000.000000,15833.333008,60,1,0.990000,61.116634,0.600000,15649.675781,156.016586,0.000000,r,61,73,105,107,109,119,150,239,291,312,334,357,390,412,448,521,611,671,808,1491,1491,1637,211.678880,1981526.000000,9361,w,8,9,10,10,22,1588,3386,3875,3988,4037,4087,4138,4195,4233,4280,4341,4401,4437,4518,4642,4798,6307,2340.012770,2197227531.000000,938981,s,2147483647,0,0,0,0,0,0,0,0,0,0,0,0,0,0,0,0,0,0,0,0,-2147483648,0,0.000000,0,c,0,0,0,0,0,0,0,0,0,0,0,0,0,0,0,0,0,0,2,3,6,320,0.004398,3784283.000000,860425059
2024-09-11-05-13-32,4,480,59.999939,/blk/mp0,745,uniform-shuffle,"",100000.000000,15833.333008,60,1,0.990000,61.266727,0.600001,15686.066406,157.816833,0.000000,r,61,73,105,107,109,119,153,244,294,315,337,360,392,414,447,510,602,668,787,1304,1304,1527,213.036435,2017242.000000,9469,w,8,9,10,10,22,1583,3194,3842,3982,4033,4082,4135,4192,4226,4270,4342,4410,4447,4524,4618,4706,6545,2314.871999,2178671875.000000,941163,s,2147483647,0,0,0,0,0,0,0,0,0,0,0,0,0,0,0,0,0,0,0,0,-2147483648,0,0.000000,0,c,0,0,0,0,0,0,0,0,0,0,0,0,0,0,0,0,0,0,2,3,6,316,0.004392,3781382.000000,860918750
2024-09-11-05-13-32,4,540,60.000031,/blk/mp0,745,uniform-shuffle,"",100000.000000,15833.333008,60,1,0.990000,61.216637,0.600000,15672.558594,156.583252,0.000000,r,61,73,105,107,109,119,159,252,298,318,337,362,394,416,446,515,614,675,817,1558,1558,1650,215.594146,2025507.000000,9395,w,8,9,10,10,18,1656,3496,3893,4001,4049,4098,4149,4209,4248,4297,4358,4418,4458,4535,4639,4696,4764,2362.639749,2221717739.000000,940354,s,2147483647,0,0,0,0,0,0,0,0,0,0,0,0,0,0,0,0,0,0,0,0,-2147483648,0,0.000000,0,c,0,0,0,0,0,0,0,0,0,0,0,0,0,0,0,0,0,0,2,3,6,315,0.004412,3797805.000000,860830232
2024-09-11-05-13-32,4,600,60.000000,/blk/mp0,745,uniform-shuffle,"",100000.000000,15833.333008,60,1,0.990000,61.266666,0.616667,15685.716797,158.133331,0.000000,r,61,67,105,107,110,120,174,261,303,323,342,367,400,424,459,533,630,700,894,1726,1726,1906,221.073250,2097543.000000,9488,w,8,9,10,10,23,1718,3599,3900,4002,4053,4100,4146,4200,4237,4288,4358,4424,4464,4556,4703,4926,7812,2384.787834,2244426376.000000,941143,s,2147483647,0,0,0,0,0,0,0,0,0,0,0,0,0,0,0,0,0,0,0,0,-2147483648,0,0.000000,0,c,0,0,0,0,0,0,0,0,0,0,0,0,0,0,0,0,0,0,2,3,6,344,0.004417,3803674.000000,861048995
2024-09-11-05-13-32,4,660,60.000061,/blk/mp0,745,uniform-shuffle,"",100000.000000,15833.333008,60,1,0.990000,61.116604,0.616666,15647.267578,159.866501,0.000000,r,61,69,105,107,112,128,229,280,315,333,352,377,410,431,465,530,619,682,771,929,929,1038,231.262927,2218274.000000,9592,w,8,9,10,10,19,2503,3796,3942,4035,4080,4123,4166,4223,4262,4311,4369,4422,4456,4537,4729,4863,4943,2502.874800,2349791469.000000,938837,s,2147483647,0,0,0,0,0,0,0,0,0,0,0,0,0,0,0,0,0,0,0,0,-2147483648,0,0.000000,0,c,0,0,0,0,0,0,0,0,0,0,0,0,0,0,0,0,0,0,2,3,6,326,0.004420,3806250.000000,861212490
2024-09-11-05-13-32,4,720,60.000000,/blk/mp0,745,uniform-shuffle,"",100000.000000,15833.333008,60,1,0.990000,61.133335,0.600000,15650.250000,156.333328,0.000000,r,61,72,105,107,109,118,142,236,293,315,337,361,392,414,452,526,638,699,838,1456,1456,1755,211.616844,1984966.000000,9380,w,8,9,10,10,19,1610,3271,3861,3988,4040,4093,4145,4203,4243,4299,4376,4441,4478,4555,4678,4779,4919,2335.110997,2192704253.000000,939015,s,2147483647,0,0,0,0,0,0,0,0,0,0,0,0,0,0,0,0,0,0,0,0,-2147483648,0,0.000000,0,c,0,0,0,0,0,0,0,0,0,0,0,0,0,0,0,0,0,0,2,3,6,320,0.004388,3779889.000000,861323331
2024-09-11-05-13-32,4,780,59.999939,/blk/mp0,745,uniform-shuffle,"",100000.000000,15833.333008,60,1,0.990000,61.200062,0.600001,15670.583008,157.600159,0.000000,r,61,69,105,107,109,118,139,233,289,311,331,356,390,411,445,531,625,690,888,1575,1575,1788,209.690355,1982832.000000,9456,w,8,9,10,10,12,1233,2945,3833,3972,4022,4071,4120,4178,4214,4264,4340,4413,4455,4548,4667,4842,4880,2252.051012,2117454931.000000,940234,s,2147483647,0,0,0,0,0,0,0,0,0,0,0,0,0,0,0,0,0,0,0,0,-2147483648,0,0.000000,0,c,0,0,0,0,0,0,0,0,0,0,0,0,0,0,0,0,0,0,2,3,6,326,0.004380,3773073.000000,861388204
2024-09-11-05-13-32,4,840,60.000061,/blk/mp0,745,uniform-shuffle,"",100000.000000,15833.333008,60,1,0.990000,61.216606,0.599999,15672.784180,155.116516,0.000000,r,61,68,105,107,109,119,163,252,297,317,337,362,395,418,454,531,627,682,815,1462,1462,1737,216.122059,2011448.000000,9307,w,8,9,10,10,13,1803,3600,3906,4007,4052,4095,4139,4195,4233,4284,4354,4412,4447,4529,4738,4986,5176,2390.634338,2248076031.000000,940368,s,2147483647,0,0,0,0,0,0,0,0,0,0,0,0,0,0,0,0,0,0,0,0,-2147483648,0,0.000000,0,c,0,0,0,0,0,0,0,0,0,0,0,0,0,0,0,0,0,0,2,3,6,321,0.004408,3795786.000000,861015750
2024-09-11-05-13-32,4,900,60.000000,/blk/mp0,745,uniform-shuffle,"",100000.000000,15833.333008,60,1,0.990000,61.200001,0.616667,15670.950195,158.300003,0.000000,r,61,72,105,107,109,119,158,249,299,318,340,365,395,418,456,533,638,710,972,1646,1646,1718,216.828595,2059438.000000,9498,w,8,9,10,10,14,1624,3494,3875,3989,4039,4089,4144,4207,4249,4306,4379,4442,4484,4572,4736,4929,4972,2354.447934,2213786151.000000,940257,s,2147483647,0,0,0,0,0,0,0,0,0,0,0,0,0,0,0,0,0,0,0,0,-2147483648,0,0.000000,0,c,0,0,0,0,0,0,0,0,0,0,0,0,0,0,0,0,0,0,2,3,6,328,0.004404,3790502.000000,860650726
2024-09-11-05-13-32,4,960,59.999939,/blk/mp0,745,uniform-shuffle,"",100000.000000,15833.333008,60,1,0.990000,61.233395,0.600001,15679.265625,157.166824,0.000000,r,61,73,105,107,109,120,178,260,302,321,342,366,398,420,454,529,631,680,806,1864,1864,1953,220.425451,2078612.000000,9430,w,8,9,10,10,18,1881,3655,3913,4009,4052,4099,4147,4206,4243,4292,4360,4425,4460,4538,4629,4698,5535,2415.334107,2272237638.000000,940755,s,2147483647,0,0,0,0,0,0,0,0,0,0,0,0,0,0,0,0,0,0,0,0,-2147483648,0,0.000000,0,c,0,0,0,0,0,0,0,0,0,0,0,0,0,0,0,0,0,0,2,3,6,331,0.004392,3790661.000000,863098799
2024-09-11-05-35-17,4,60,60.000141,/blk/mp0,745,uniform-shuffle,"",90000.000000,14166.666992,60,1,0.990000,54.683205,0.549999,14000.733398,141.816330,0.000000,r,61,65,76,104,106,111,120,181,302,336,367,399,438,461,499,568,660,717,837,1815,1815,1881,211.520155,1799825.000000,8509,w,8,9,9,9,10,26,1834,3678,4275,4423,4515,4602,4773,4856,5013,5151,5219,5264,5330,5409,5454,5471,2192.906002,1842141915.000000,840046,s,19999,0,0,0,0,0,0,0,0,0,0,0,0,0,0,0,0,0,0,0,0,0,0,0.000000,0,c,0,0,0,0,0,0,0,0,0,0,0,0,0,0,0,0,0,0,2,3,6,102,0.003600,3241540.000000,900332372
2024-09-11-05-35-17,4,120,59.999985,/blk/mp0,745,uniform-shuffle,"",90000.000000,14166.666992,60,1,0.990000,54.850014,0.550000,14045.737305,142.433365,0.000000,r,61,64,75,95,105,109,118,150,281,322,353,388,426,449,485,544,649,728,888,1600,1600,1769,200.998128,1717730.000000,8546,w,8,9,9,9,10,11,1326,3509,4291,4416,4488,4549,4642,4727,4800,4873,4941,4980,5063,5238,5573,5642,2072.111010,1746259121.000000,842744,s,2147483647,0,0,0,0,0,0,0,0,0,0,0,0,0,0,0,0,0,0,0,0,-2147483648,0,0.000000,0,c,0,0,0,0,0,0,0,0,0,0,0,0,0,0,0,0,0,0,2,3,6,321,0.003734,3335601.000000,893340628
2024-09-11-05-35-17,4,180,59.999985,/blk/mp0,745,uniform-shuffle,"",90000.000000,14166.666992,60,1,0.990000,54.733349,0.550000,14013.386719,141.316696,0.000000,r,61,64,75,86,105,109,119,152,288,327,360,390,428,456,493,564,660,746,915,1453,1453,1574,203.332704,1724058.000000,8479,w,8,9,9,9,10,11,1277,3462,4289,4408,4492,4564,4667,4743,4813,4889,4961,5004,5098,5234,5466,6201,2064.773806,1736068010.000000,840803,s,2147483647,0,0,0,0,0,0,0,0,0,0,0,0,0,0,0,0,0,0,0,0,-2147483648,0,0.000000,0,c,0,0,0,0,0,0,0,0,0,0,0,0,0,0,0,0,0,0,2,3,6,322,0.003721,3324675.000000,893521064
2024-09-11-05-35-17,4,240,60.000000,/blk/mp0,745,uniform-shuffle,"",90000.000000,14166.666992,60,1,0.990000,54.833332,0.550000,14039.299805,142.533340,0.000000,r,61,64,75,83,105,108,117,127,210,288,335,371,414,438,470,532,612,688,829,1254,1254,1718,187.375702,1602437.000000,8552,w,8,9,9,9,10,11,979,2835,4147,4325,4444,4512,4603,4690,4767,4845,4914,4951,5036,5206,5434,5467,1943.001668,1636702999.000000,842358,s,2147483647,0,0,0,0,0,0,0,0,0,0,0,0,0,0,0,0,0,0,0,0,-2147483648,0,0.000000,0,c,0,0,0,0,0,0,0,0,0,0,0,0,0,0,0,0,0,0,2,3,6,318,0.003706,3316430.000000,894818269
2024-09-11-05-35-17,4,300,59.999985,/blk/mp0,745,uniform-shuffle,"",90000.000000,14166.666992,60,1,0.990000,54.833347,0.550000,14038.470703,142.816696,0.000000,r,61,65,75,94,105,108,117,132,230,301,340,376,416,440,473,537,633,691,938,1770,1770,1898,191.662154,1642353.000000,8569,w,8,9,9,9,10,11,921,2685,4158,4333,4450,4523,4613,4690,4784,4871,4942,4984,5084,5263,5385,5433,1934.548369,1629485568.000000,842308,s,2147483647,0,0,0,0,0,0,0,0,0,0,0,0,0,0,0,0,0,0,0,0,-2147483648,0,0.000000,0,c,0,0,0,0,0,0,0,0,0,0,0,0,0,0,0,0,0,0,2,3,6,319,0.003704,3315039.000000,895071897
2024-09-11-05-35-17,4,360,60.000031,/blk/mp0,745,uniform-shuffle,"",90000.000000,14166.666992,60,1,0.990000,54.733307,0.550000,14015.609375,141.966599,0.000000,r,61,65,75,95,105,109,118,143,264,314,349,383,422,442,472,539,632,709,868,1330,1330,1863,196.610589,1674729.000000,8518,w,8,9,9,9,10,11,1130,3047,4227,4368,4479,4550,4636,4706,4791,4876,4940,4980,5058,5185,5461,5484,2000.658273,1682427566.000000,840937,s,2147483647,0,0,0,0,0,0,0,0,0,0,0,0,0,0,0,0,0,0,0,0,-2147483648,0,0.000000,0,c,0,0,0,0,0,0,0,0,0,0,0,0,0,0,0,0,0,0,2,3,6,304,0.003715,3321893.000000,894172111
2024-09-11-05-35-17,4,420,60.000000,/blk/mp0,745,uniform-shuffle,"",90000.000000,14166.666992,60,1,0.990000,54.750000,0.533333,14017.583008,138.783340,0.000000,r,61,64,75,84,105,108,117,126,200,278,325,362,403,428,461,526,626,690,821,1542,1542,1722,184.679236,1537824.000000,8327,w,8,9,9,9,10,11,677,2201,4008,4278,4426,4507,4583,4646,4743,4832,4902,4943,5043,5225,5452,5522,1835.534806,1543785726.000000,841055,s,2147483647,0,0,0,0,0,0,0,0,0,0,0,0,0,0,0,0,0,0,0,0,-2147483648,0,0.000000,0,c,0,0,0,0,0,0,0,0,0,0,0,0,0,0,0,0,0,0,2,3,6,312,0.003692,3307225.000000,895841080
2024-09-11-05-35-17,4,480,60.000000,/blk/mp0,745,uniform-shuffle,"",90000.000000,14166.666992,60,1,0.990000,54.733334,0.550000,14015.816406,142.500000,0.000000,r,61,64,75,86,105,109,118,139,246,305,342,374,414,438,471,529,644,724,880,963,963,1580,193.140234,1651349.000000,8550,w,8,9,9,9,10,11,821,2551,4119,4330,4454,4525,4608,4681,4774,4867,4942,4996,5092,5232,5459,5526,1912.732025,1608510084.000000,840949,s,2147483647,0,0,0,0,0,0,0,0,0,0,0,0,0,0,0,0,0,0,0,0,-2147483648,0,0.000000,0,c,0,0,0,0,0,0,0,0,0,0,0,0,0,0,0,0,0,0,2,3,6,319,0.003708,3319456.000000,895270121
2024-09-11-05-35-17,4,540,60.000031,/blk/mp0,745,uniform-shuffle,"",90000.000000,14166.666992,60,1,0.990000,54.766640,0.533333,14023.009766,140.666595,0.000000,r,61,65,75,90,105,108,117,129,230,296,338,371,410,437,473,544,647,715,822,1501,1501,1566,190.470024,1607567.000000,8440,w,8,9,9,9,10,11,848,2534,4108,4320,4454,4523,4604,4682,4780,4855,4922,4961,5051,5160,5266,5319,1901.334521,1599746741.000000,841381,s,2147483647,0,0,0,0,0,0,0,0,0,0,0,0,0,0,0,0,0,0,0,0,-2147483648,0,0.000000,0,c,0,0,0,0,0,0,0,0,0,0,0,0,0,0,0,0,0,0,2,3,6,317,0.003711,3321935.000000,895247980
2024-09-11-05-35-17,4,600,60.000000,/blk/mp0,745,uniform-shuffle,"",90000.000000,14166.666992,60,1,0.990000,54.833332,0.550000,14037.466797,142.566666,0.000000,r,61,64,75,91,105,109,118,143,272,316,351,383,419,443,473,543,648,719,897,1528,1528,1730,197.823357,1692181.000000,8554,w,8,9,9,9,10,11,995,3210,4240,4383,4469,4542,4637,4721,4793,4868,4928,4965,5046,5184,5334,5376,2000.569966,1684976053.000000,842248,s,2147483647,0,0,0,0,0,0,0,0,0,0,0,0,0,0,0,0,0,0,0,0,-2147483648,0,0.000000,0,c,0,0,0,0,0,0,0,0,0,0,0,0,0,0,0,0,0,0,2,3,6,304,0.003734,3338278.000000,893973114
2024-09-11-05-35-17,4,660,59.999939,/blk/mp0,745,uniform-shuffle,"",90000.000000,14166.666992,60,1,0.990000,54.716721,0.550001,14008.498047,141.083481,0.000000,r,61,65,75,94,105,109,118,131,230,298,340,376,414,435,472,551,650,720,976,1867,1867,2055,192.160189,1626636.000000,8465,w,8,9,9,9,10,11,1191,2978,4174,4339,4450,4530,4618,4687,4763,4840,4906,4950,5045,5231,5415,5459,1986.263433,1669472292.000000,840509,s,2147483647,0,0,0,0,0,0,0,0,0,0,0,0,0,0,0,0,0,0,0,0,-2147483648,0,0.000000,0,c,0,0,0,0,0,0,0,0,0,0,0,0,0,0,0,0,0,0,2,3,6,311,0.003716,3325243.000000,894828409
2024-09-11-05-35-17,4,720,60.000000,/blk/mp0,745,uniform-shuffle,"",90000.000000,14166.666992,60,1,0.990000,54.683334,0.550000,14002.666992,143.233337,0.000000,r,61,64,75,98,105,109,118,140,260,311,349,382,418,441,476,540,641,704,834,1733,1733,1828,195.933093,1683849.000000,8594,w,8,9,9,9,10,11,1027,2868,4225,4380,4472,4538,4627,4705,4785,4867,4940,4985,5072,5238,5484,5520,1967.977540,1653416010.000000,840160,s,2147483647,0,0,0,0,0,0,0,0,0,0,0,0,0,0,0,0,0,0,0,0,-2147483648,0,0.000000,0,c,0,0,0,0,0,0,0,0,0,0,0,0,0,0,0,0,0,0,2,3,6,311,0.003715,3323185.000000,894583437
2024-09-11-05-35-17,4,780,60.000000,/blk/mp0,745,uniform-shuffle,"",90000.000000,14166.666992,60,1,0.990000,54.766666,0.550000,14023.650391,141.750000,0.000000,r,61,64,75,89,105,109,118,133,236,303,342,375,415,437,469,529,627,686,835,1443,1443,1681,191.454086,1628317.000000,8505,w,8,9,9,9,10,11,744,2389,4137,4337,4444,4518,4618,4708,4789,4859,4920,4963,5058,5228,5405,5455,1889.097446,1589522484.000000,841419,s,2147483647,0,0,0,0,0,0,0,0,0,0,0,0,0,0,0,0,0,0,0,0,-2147483648,0,0.000000,0,c,0,0,0,0,0,0,0,0,0,0,0,0,0,0,0,0,0,0,2,3,6,322,0.003713,3321904.000000,894652272
2024-09-11-05-35-17,4,840,60.000000,/blk/mp0,745,uniform-shuffle,"",90000.000000,14166.666992,60,1,0.990000,54.733334,0.533333,14013.066406,140.199997,0.000000,r,61,65,75,94,105,108,117,133,237,301,343,378,413,437,465,521,620,695,910,1812,1812,1953,191.800999,1613430.000000,8412,w,8,9,9,9,10,11,834,2615,4174,4353,4468,4539,4625,4703,4784,4855,4916,4955,5045,5174,5435,5474,1923.627431,1617355166.000000,840784,s,2147483647,0,0,0,0,0,0,0,0,0,0,0,0,0,0,0,0,0,0,0,0,-2147483648,0,0.000000,0,c,0,0,0,0,0,0,0,0,0,0,0,0,0,0,0,0,0,0,2,3,6,302,0.003714,3322978.000000,894640118
2024-09-11-05-35-17,4,900,60.000061,/blk/mp0,745,uniform-shuffle,"",90000.000000,14166.666992,60,1,0.990000,54.799946,0.549999,14028.902344,141.949860,0.000000,r,61,64,75,84,105,108,117,127,202,280,326,364,408,432,466,532,624,698,832,1788,1788,1861,185.754726,1582073.000000,8517,w,8,9,9,9,10,11,728,2226,3965,4260,4407,4506,4591,4652,4749,4850,4927,4971,5067,5223,5375,5425,1834.156561,1543873773.000000,841735,s,2147483647,0,0,0,0,0,0,0,0,0,0,0,0,0,0,0,0,0,0,0,0,-2147483648,0,0.000000,0,c,0,0,0,0,0,0,0,0,0,0,0,0,0,0,0,0,0,0,2,3,6,315,0.003694,3311292.000000,896455655
2024-09-11-05-35-17,4,960,59.999939,/blk/mp0,745,uniform-shuffle,"",90000.000000,14166.666992,60,1,0.990000,54.783390,0.550001,14028.597656,142.983475,0.000000,r,61,64,75,84,105,109,118,148,274,319,352,384,421,444,476,539,638,710,881,1548,1548,1687,199.021098,1707402.000000,8579,w,8,9,9,9,10,11,1234,3444,4283,4401,4487,4557,4654,4732,4802,4873,4937,4976,5059,5253,5355,6326,2058.432114,1732613187.000000,841715,s,2147483647,0,0,0,0,0,0,0,0,0,0,0,0,0,0,0,0,0,0,0,0,-2147483648,0,0.000000,0,c,0,0,0,0,0,0,0,0,0,0,0,0,0,0,0,0,0,0,2,3,6,317,0.003719,3330247.000000,895354572
2024-09-11-05-57-02,4,60,59.999985,/blk/mp0,745,uniform-shuffle,"",80000.000000,12500.000000,60,1,0.990000,48.300011,0.483333,12368.620117,124.850029,0.000000,r,61,64,70,75,77,106,110,118,147,201,309,386,439,468,516,588,681,744,903,1364,1364,1690,178.919370,1340285.000000,7491,w,8,9,9,9,9,10,16,1419,3236,4209,4800,4982,5121,5218,5369,5495,5575,5620,5730,5983,6182,6229,1743.209486,1293665394.000000,742117,s,19999,0,0,0,0,0,0,0,0,0,0,0,0,0,0,0,0,0,0,0,0,0,0,0.000000,0,c,0,0,0,0,0,0,0,0,0,0,0,0,0,0,0,0,0,0,2,3,5,127,0.003190,2803164.000000,878764185
2024-09-11-05-57-02,4,120,60.000004,/blk/mp0,745,uniform-shuffle,"",80000.000000,12500.000000,60,1,0.990000,48.266663,0.483333,12359.382812,125.216660,0.000000,r,61,64,71,75,77,106,109,118,136,170,254,358,427,457,496,562,640,727,939,1426,1426,1458,170.428324,1280428.000000,7513,w,8,9,9,9,9,10,11,959,2828,3965,4659,4907,5063,5199,5375,5485,5569,5616,5719,5882,6075,6209,1635.296276,1212675212.000000,741563,s,2147483647,0,0,0,0,0,0,0,0,0,0,0,0,0,0,0,0,0,0,0,0,-2147483648,0,0.000000,0,c,0,0,0,0,0,0,0,0,0,0,0,0,0,0,0,0,0,0,2,3,6,329,0.003291,2887986.000000,877562080
2024-09-11-05-57-02,4,180,59.999977,/blk/mp0,745,uniform-shuffle,"",80000.000000,12500.000000,60,1,0.990000,48.366684,0.483334,12383.887695,123.900047,0.000000,r,61,64,66,75,76,106,109,118,129,157,221,347,415,452,496,560,649,713,860,1375,1375,1588,165.633172,1231317.000000,7434,w,8,9,9,9,9,10,11,800,2413,3539,4514,4875,5031,5134,5354,5468,5548,5594,5728,6023,6116,6179,1559.701735,1158909859.000000,743033,s,2147483647,0,0,0,0,0,0,0,0,0,0,0,0,0,0,0,0,0,0,0,0,-2147483648,0,0.000000,0,c,0,0,0,0,0,0,0,0,0,0,0,0,0,0,0,0,0,0,2,3,6,309,0.003343,2905958.000000,869260590
2024-09-11-05-57-02,4,240,59.999985,/blk/mp0,745,uniform-shuffle,"",80000.000000,12500.000000,60,1,0.990000,48.333347,0.483333,12374.486328,123.900032,0.000000,r,61,64,67,75,76,106,109,118,138,183,284,371,431,467,506,572,645,721,843,965,965,1433,173.478208,1289637.000000,7434,w,8,9,9,9,9,10,11,1545,3548,4384,4767,4942,5100,5281,5384,5470,5549,5598,5705,5955,6267,7123,1778.558639,1320524654.000000,742469,s,2147483647,0,0,0,0,0,0,0,0,0,0,0,0,0,0,0,0,0,0,0,0,-2147483648,0,0.000000,0,c,0,0,0,0,0,0,0,0,0,0,0,0,0,0,0,0,0,0,2,3,6,315,0.003333,2911834.000000,873711425
2024-09-11-05-57-02,4,300,60.000015,/blk/mp0,745,uniform-shuffle,"",80000.000000,12500.000000,60,1,0.990000,48.366653,0.483333,12386.063477,124.199966,0.000000,r,61,64,66,75,76,106,109,117,132,164,245,356,426,461,504,570,660,715,913,1918,1918,1927,169.325282,1261812.000000,7452,w,8,9,9,9,9,10,11,832,2833,3930,4645,4913,5067,5219,5371,5482,5565,5611,5695,5900,6098,8237,1624.969514,1207618844.000000,743164,s,2147483647,0,0,0,0,0,0,0,0,0,0,0,0,0,0,0,0,0,0,0,0,-2147483648,0,0.000000,0,c,0,0,0,0,0,0,0,0,0,0,0,0,0,0,0,0,0,0,2,3,6,325,0.003361,2914565.000000,867246768
2024-09-11-05-57-02,4,360,60.000000,/blk/mp0,745,uniform-shuffle,"",80000.000000,12500.000000,60,1,0.990000,48.333332,0.483333,12376.466797,125.783333,0.000000,r,61,64,67,75,76,106,109,118,128,157,211,313,398,437,481,542,628,724,976,1661,1661,1699,162.191864,1224062.000000,7547,w,8,9,9,9,9,10,11,873,2358,3335,4363,4842,5025,5142,5335,5462,5546,5595,5708,5898,6141,6260,1538.158159,1142217791.000000,742588,s,2147483647,0,0,0,0,0,0,0,0,0,0,0,0,0,0,0,0,0,0,0,0,-2147483648,0,0.000000,0,c,0,0,0,0,0,0,0,0,0,0,0,0,0,0,0,0,0,0,2,3,6,322,0.003313,2895794.000000,874005375
2024-09-11-05-57-02,4,420,60.000000,/blk/mp0,745,uniform-shuffle,"",80000.000000,12500.000000,60,1,0.990000,48.433334,0.483333,12401.099609,126.616669,0.000000,r,61,64,67,75,76,106,108,117,133,163,242,353,422,454,502,578,675,758,991,1172,1172,2128,168.635251,1281122.000000,7597,w,8,9,9,9,9,10,11,998,2932,3994,4619,4905,5051,5170,5340,5474,5572,5622,5751,5960,6083,6109,1640.851158,1220901558.000000,744066,s,2147483647,0,0,0,0,0,0,0,0,0,0,0,0,0,0,0,0,0,0,0,0,-2147483648,0,0.000000,0,c,0,0,0,0,0,0,0,0,0,0,0,0,0,0,0,0,0,0,2,3,6,324,0.003352,2914593.000000,869397082
2024-09-11-05-57-02,4,480,60.000000,/blk/mp0,745,uniform-shuffle,"",80000.000000,12500.000000,60,1,0.990000,48.349998,0.483333,12380.316406,125.866669,0.000000,r,61,64,66,75,76,105,108,117,125,151,214,344,417,449,499,570,660,725,861,999,999,1071,164.925053,1245514.000000,7552,w,8,9,9,9,9,10,11,850,2412,3488,4499,4875,5034,5168,5345,5447,5537,5589,5690,5839,5991,6084,1555.411629,1155389311.000000,742819,s,2147483647,0,0,0,0,0,0,0,0,0,0,0,0,0,0,0,0,0,0,0,0,-2147483648,0,0.000000,0,c,0,0,0,0,0,0,0,0,0,0,0,0,0,0,0,0,0,0,2,3,6,300,0.003342,2901001.000000,868059244
2024-09-11-05-57-02,4,540,60.000000,/blk/mp0,745,uniform-shuffle,"",80000.000000,12500.000000,60,1,0.990000,48.333332,0.483333,12376.700195,124.216667,0.000000,r,61,64,67,75,76,106,109,118,131,159,227,340,419,454,499,565,657,742,902,1600,1600,1701,166.838320,1243446.000000,7453,w,8,9,9,9,9,10,11,1017,2788,3865,4625,4893,5055,5228,5383,5474,5557,5605,5713,5977,6109,6177,1626.890575,1208132195.000000,742602,s,2147483647,0,0,0,0,0,0,0,0,0,0,0,0,0,0,0,0,0,0,0,0,-2147483648,0,0.000000,0,c,0,0,0,0,0,0,0,0,0,0,0,0,0,0,0,0,0,0,2,3,6,310,0.003316,2899266.000000,874269209
2024-09-11-05-57-02,4,600,60.000000,/blk/mp0,745,uniform-shuffle,"",80000.000000,12500.000000,60,1,0.990000,48.366665,0.483333,12383.799805,127.633331,0.000000,r,61,64,66,75,76,105,108,117,127,160,224,336,413,448,492,559,640,714,848,1477,1477,1604,164.970488,1263344.000000,7658,w,8,9,9,9,9,10,11,1017,2851,3854,4603,4879,5032,5173,5354,5477,5567,5618,5730,6045,6257,6346,1630.685814,1211645219.000000,743028,s,2147483647,0,0,0,0,0,0,0,0,0,0,0,0,0,0,0,0,0,0,0,0,-2147483648,0,0.000000,0,c,0,0,0,0,0,0,0,0,0,0,0,0,0,0,0,0,0,0,2,3,6,306,0.003316,2906965.000000,876668973
2024-09-11-05-57-02,4,660,60.000061,/blk/mp0,745,uniform-shuffle,"",80000.000000,12500.000000,60,1,0.990000,48.333282,0.483333,12374.820312,124.083206,0.000000,r,61,64,67,75,76,106,108,117,131,161,228,341,414,449,492,563,670,736,938,1565,1565,1676,166.625252,1240525.000000,7445,w,8,9,9,9,9,10,11,1028,2901,3841,4608,4874,5031,5176,5349,5456,5540,5592,5697,5941,6095,6119,1631.113067,1211085141.000000,742490,s,2147483647,0,0,0,0,0,0,0,0,0,0,0,0,0,0,0,0,0,0,0,0,-2147483648,0,0.000000,0,c,0,0,0,0,0,0,0,0,0,0,0,0,0,0,0,0,0,0,2,3,6,319,0.003321,2904034.000000,874445600
2024-09-11-05-57-02,4,720,60.000000,/blk/mp0,745,uniform-shuffle,"",80000.000000,12500.000000,60,1,0.990000,48.283333,0.483333,12362.733398,127.250000,0.000000,r,61,64,66,75,76,106,109,118,136,174,277,372,439,477,529,598,710,774,921,1002,1002,1038,175.088147,1336798.000000,7635,w,8,9,9,9,9,10,11,1116,3235,4182,4727,4935,5074,5250,5400,5503,5592,5647,5766,5963,6171,6893,1695.424519,1257604873.000000,741764,s,2147483647,0,0,0,0,0,0,0,0,0,0,0,0,0,0,0,0,0,0,0,0,-2147483648,0,0.000000,0,c,0,0,0,0,0,0,0,0,0,0,0,0,0,0,0,0,0,0,2,3,6,316,0.003354,2908483.000000,867161626
2024-09-11-05-57-02,4,780,60.000000,/blk/mp0,745,uniform-shuffle,"",80000.000000,12500.000000,60,1,0.990000,48.383335,0.483333,12386.950195,125.099998,0.000000,r,61,64,67,75,76,106,109,118,134,173,266,364,431,468,509,564,660,738,862,1133,1133,1704,171.790434,1289459.000000,7506,w,8,9,9,9,9,10,11,1055,2908,4069,4670,4915,5069,5248,5386,5494,5580,5631,5748,6002,6262,6307,1655.605551,1230474191.000000,743217,s,2147483647,0,0,0,0,0,0,0,0,0,0,0,0,0,0,0,0,0,0,0,0,-2147483648,0,0.000000,0,c,0,0,0,0,0,0,0,0,0,0,0,0,0,0,0,0,0,0,2,3,6,324,0.003351,2913410.000000,869340536
2024-09-11-05-57-02,4,840,59.999939,/blk/mp0,745,uniform-shuffle,"",80000.000000,12500.000000,60,1,0.990000,48.366714,0.483334,12382.079102,124.500130,0.000000,r,61,64,66,74,76,105,109,118,141,186,294,381,439,476,517,588,693,752,1034,1254,1254,1276,176.545783,1318797.000000,7470,w,8,9,9,9,9,10,11,917,2931,4024,4684,4908,5077,5307,5419,5510,5602,5655,5760,5917,6291,6324,1648.885781,1224996820.000000,742924,s,2147483647,0,0,0,0,0,0,0,0,0,0,0,0,0,0,0,0,0,0,0,0,-2147483648,0,0.000000,0,c,0,0,0,0,0,0,0,0,0,0,0,0,0,0,0,0,0,0,2,3,6,331,0.003333,2908278.000000,872679929
2024-09-11-05-57-02,4,900,60.000000,/blk/mp0,745,uniform-shuffle,"",80000.000000,12500.000000,60,1,0.990000,48.333332,0.483333,12374.316406,124.966667,0.000000,r,61,64,67,75,76,106,109,118,135,174,271,364,432,467,507,574,676,759,979,1664,1664,1677,172.918378,1296542.000000,7498,w,8,9,9,9,9,10,11,810,2836,3995,4681,4923,5079,5227,5403,5510,5603,5660,5781,5901,6069,6194,1622.828392,1204883545.000000,742459,s,2147483647,0,0,0,0,0,0,0,0,0,0,0,0,0,0,0,0,0,0,0,0,-2147483648,0,0.000000,0,c,0,0,0,0,0,0,0,0,0,0,0,0,0,0,0,0,0,0,2,3,6,320,0.003326,2908604.000000,874563007
2024-09-11-05-57-02,4,960,60.000000,/blk/mp0,745,uniform-shuffle,"",80000.000000,12500.000000,60,1,0.990000,48.349998,0.483333,12377.916992,127.466667,0.000000,r,61,64,67,75,76,106,109,118,139,178,283,374,436,471,512,584,688,777,939,1512,1512,1892,174.844142,1337208.000000,7648,w,8,9,9,9,9,10,11,1041,2925,4039,4689,4918,5074,5275,5413,5514,5601,5659,5771,5947,6223,6421,1661.548786,1233990745.000000,742675,s,2147483647,0,0,0,0,0,0,0,0,0,0,0,0,0,0,0,0,0,0,0,0,-2147483648,0,0.000000,0,c,0,0,0,0,0,0,0,0,0,0,0,0,0,0,0,0,0,0,2,3,6,321,0.003345,2900813.000000,867247513
2024-09-11-06-18-46,4,60,60.000114,/blk/mp0,745,uniform-shuffle,"",70000.000000,10833.333008,60,1,0.990000,41.849918,0.416666,10713.879883,106.866463,0.000000,r,61,63,65,66,74,80,106,113,122,146,204,380,496,547,611,689,808,960,1513,1764,1764,1968,176.881472,1134164.000000,6412,w,8,9,9,9,9,9,10,11,1397,2783,4003,4982,5508,5826,6254,6436,6679,8197,17002,19998,19998,19998,1465.885972,942321343.000000,642834,s,19999,0,0,0,0,0,0,0,0,0,0,0,0,0,0,0,0,0,0,0,0,0,0,0.000000,0,c,0,0,0,0,0,0,0,0,0,0,0,0,0,0,0,0,0,0,1,3,5,96,0.002678,2385778.000000,890748652
2024-09-11-06-18-46,4,120,60.000008,/blk/mp0,745,uniform-shuffle,"",70000.000000,10833.333008,60,1,0.990000,41.949993,0.416667,10741.648438,107.349983,0.000000,r,61,63,65,66,74,77,106,109,118,123,143,197,355,432,523,615,713,791,972,1089,1089,1264,147.362211,949160.000000,6441,w,8,9,9,9,9,9,10,11,1013,1967,3154,4504,5368,5627,6110,6301,6407,6472,6595,6782,7043,7065,1280.063769,824999819.000000,644499,s,2147483647,0,0,0,0,0,0,0,0,0,0,0,0,0,0,0,0,0,0,0,0,-2147483648,0,0.000000,0,c,0,0,0,0,0,0,0,0,0,0,0,0,0,0,0,0,0,0,2,3,6,351,0.002867,2532128.000000,883331781
2024-09-11-06-18-46,4,180,59.999977,/blk/mp0,745,uniform-shuffle,"",70000.000000,10833.333008,60,1,0.990000,41.933350,0.416667,10738.470703,108.500038,0.000000,r,61,63,65,66,74,77,106,109,118,122,141,183,304,399,496,612,716,783,985,1686,1686,2570,143.224117,932389.000000,6510,w,8,9,9,9,9,10,10,11,750,1662,2705,3918,5191,5471,5876,6271,6394,6457,6586,6738,6898,6999,1180.458455,760578826.000000,644308,s,2147483647,0,0,0,0,0,0,0,0,0,0,0,0,0,0,0,0,0,0,0,0,-2147483648,0,0.000000,0,c,0,0,0,0,0,0,0,0,0,0,0,0,0,0,0,0,0,0,2,3,6,314,0.002930,2571956.000000,877714803
2024-09-11-06-18-46,4,240,60.000015,/blk/mp0,745,uniform-shuffle,"",70000.000000,10833.333008,60,1,0.990000,41.833324,0.416667,10712.331055,107.533302,0.000000,r,61,63,65,66,74,78,106,109,118,122,141,180,330,425,534,628,761,836,1042,1636,1636,1897,146.642436,946137.000000,6452,w,8,9,9,9,9,10,10,11,898,1841,3001,4371,5335,5559,5994,6306,6429,6496,6639,6938,7085,7121,1245.538728,800557562.000000,642740,s,2147483647,0,0,0,0,0,0,0,0,0,0,0,0,0,0,0,0,0,0,0,0,-2147483648,0,0.000000,0,c,0,0,0,0,0,0,0,0,0,0,0,0,0,0,0,0,0,0,2,3,6,316,0.002926,2568868.000000,878084671
2024-09-11-06-18-46,4,300,60.000000,/blk/mp0,745,uniform-shuffle,"",70000.000000,10833.333008,60,1,0.990000,41.966667,0.416667,10747.183594,107.966667,0.000000,r,61,63,65,66,74,77,106,109,119,126,157,242,404,484,558,644,753,817,982,1285,1285,1919,155.858444,1009651.000000,6478,w,8,9,9,9,9,10,10,11,1197,2349,3629,4884,5452,5760,6186,6337,6451,6509,6640,6833,7060,9317,1359.050827,876358104.000000,644831,s,2147483647,0,0,0,0,0,0,0,0,0,0,0,0,0,0,0,0,0,0,0,0,-2147483648,0,0.000000,0,c,0,0,0,0,0,0,0,0,0,0,0,0,0,0,0,0,0,0,2,3,6,337,0.002945,2586055.000000,878142490
2024-09-11-06-18-46,4,360,60.000000,/blk/mp0,745,uniform-shuffle,"",70000.000000,10833.333008,60,1,0.990000,41.849998,0.400000,10715.950195,105.900002,0.000000,r,61,63,65,66,74,77,106,109,118,123,141,187,333,424,533,630,733,808,1057,1613,1613,1647,146.899119,933397.000000,6354,w,8,9,9,9,9,10,10,11,786,1623,2679,4174,5305,5572,6094,6288,6401,6467,6600,6756,7016,7060,1205.280709,774943669.000000,642957,s,2147483647,0,0,0,0,0,0,0,0,0,0,0,0,0,0,0,0,0,0,0,0,-2147483648,0,0.000000,0,c,0,0,0,0,0,0,0,0,0,0,0,0,0,0,0,0,0,0,2,3,6,321,0.002940,2581913.000000,878333538
2024-09-11-06-18-46,4,420,60.000000,/blk/mp0,745,uniform-shuffle,"",70000.000000,10833.333008,60,1,0.990000,41.833332,0.416667,10711.099609,109.283333,0.000000,r,61,63,65,66,74,77,106,109,118,122,145,202,382,471,547,647,745,806,1141,1422,1422,1568,151.640689,994308.000000,6557,w,8,9,9,9,9,10,10,11,917,1947,3278,4729,5441,5781,6194,6332,6431,6491,6607,6826,7079,7197,1299.363791,835056930.000000,642666,s,2147483647,0,0,0,0,0,0,0,0,0,0,0,0,0,0,0,0,0,0,0,0,-2147483648,0,0.000000,0,c,0,0,0,0,0,0,0,0,0,0,0,0,0,0,0,0,0,0,2,3,6,305,0.002957,2598043.000000,878635705
2024-09-11-06-18-46,4,480,60.000000,/blk/mp0,745,uniform-shuffle,"",70000.000000,10833.333008,60,1,0.990000,41.900002,0.416667,10730.466797,109.050003,0.000000,r,61,63,65,66,74,77,106,109,119,123,147,204,369,454,536,638,732,777,1001,1119,1119,1348,150.354425,983769.000000,6543,w,8,9,9,9,9,10,10,11,944,1929,3075,4476,5387,5593,6114,6330,6442,6500,6593,6791,7035,7238,1270.400284,817919274.000000,643828,s,2147483647,0,0,0,0,0,0,0,0,0,0,0,0,0,0,0,0,0,0,0,0,-2147483648,0,0.000000,0,c,0,0,0,0,0,0,0,0,0,0,0,0,0,0,0,0,0,0,2,3,6,313,0.002975,2612407.000000,878187461
2024-09-11-06-18-46,4,540,59.999969,/blk/mp0,745,uniform-shuffle,"",70000.000000,10833.333008,60,1,0.990000,41.950020,0.416667,10739.555664,108.383385,0.000000,r,61,63,65,66,74,77,106,110,119,128,158,224,403,488,557,656,746,822,932,1277,1277,2069,155.803783,1013192.000000,6503,w,8,9,9,9,9,10,10,11,1083,2098,3330,4667,5433,5677,6192,6352,6452,6510,6640,6940,7042,7118,1317.556474,848997818.000000,644373,s,2147483647,0,0,0,0,0,0,0,0,0,0,0,0,0,0,0,0,0,0,0,0,-2147483648,0,0.000000,0,c,0,0,0,0,0,0,0,0,0,0,0,0,0,0,0,0,0,0,2,3,6,308,0.002946,2585635.000000,877618091
2024-09-11-06-18-46,4,600,60.000061,/blk/mp0,745,uniform-shuffle,"",70000.000000,10833.333008,60,1,0.990000,41.999958,0.416666,10755.355469,109.366554,0.000000,r,61,63,65,66,74,77,106,110,118,122,145,213,395,468,552,631,739,821,1278,1954,1954,2101,152.997105,1003967.000000,6562,w,8,9,9,9,9,10,10,11,831,1852,3143,4528,5395,5597,6156,6340,6455,6519,6648,6852,6985,7031,1261.734475,814225015.000000,645322,s,2147483647,0,0,0,0,0,0,0,0,0,0,0,0,0,0,0,0,0,0,0,0,-2147483648,0,0.000000,0,c,0,0,0,0,0,0,0,0,0,0,0,0,0,0,0,0,0,0,2,3,6,315,0.003021,2649658.000000,876995916
2024-09-11-06-18-46,4,660,59.999939,/blk/mp0,745,uniform-shuffle,"",70000.000000,10833.333008,60,1,0.990000,41.833374,0.416667,10712.327148,109.616776,0.000000,r,61,63,65,67,75,79,106,110,118,123,145,196,376,460,540,632,746,832,1018,1485,1485,1531,150.953322,992820.000000,6577,w,8,9,9,9,9,10,10,11,884,1822,3112,4759,5440,5676,6182,6361,6469,6528,6667,6927,7274,7350,1285.269987,826093146.000000,642739,s,2147483647,0,0,0,0,0,0,0,0,0,0,0,0,0,0,0,0,0,0,0,0,-2147483648,0,0.000000,0,c,0,0,0,0,0,0,0,0,0,0,0,0,0,0,0,0,0,0,2,3,6,313,0.002977,2614149.000000,878113039
2024-09-11-06-18-46,4,720,60.000000,/blk/mp0,745,uniform-shuffle,"",70000.000000,10833.333008,60,1,0.990000,41.883335,0.416667,10726.016602,107.516670,0.000000,r,61,63,65,66,74,77,106,109,118,121,140,185,327,420,516,613,712,776,976,1157,1157,1383,144.727949,933640.000000,6451,w,8,9,9,9,9,10,10,11,618,1408,2577,4152,5339,5584,6082,6274,6374,6430,6560,6854,7215,7308,1175.401357,756442473.000000,643561,s,2147483647,0,0,0,0,0,0,0,0,0,0,0,0,0,0,0,0,0,0,0,0,-2147483648,0,0.000000,0,c,0,0,0,0,0,0,0,0,0,0,0,0,0,0,0,0,0,0,2,3,6,313,0.002957,2596089.000000,878087522
2024-09-11-06-18-46,4,780,60.000000,/blk/mp0,745,uniform-shuffle,"",70000.000000,10833.333008,60,1,0.990000,41.933334,0.416667,10739.166992,107.900002,0.000000,r,61,63,65,67,75,86,106,111,119,124,150,213,389,473,557,641,728,786,926,1502,1502,1545,153.532901,993972.000000,6474,w,8,9,9,9,9,10,10,11,984,1839,2959,4604,5432,5708,6173,6335,6431,6484,6590,6831,7026,7076,1273.829341,820791936.000000,644350,s,2147483647,0,0,0,0,0,0,0,0,0,0,0,0,0,0,0,0,0,0,0,0,-2147483648,0,0.000000,0,c,0,0,0,0,0,0,0,0,0,0,0,0,0,0,0,0,0,0,2,3,6,325,0.002986,2619799.000000,877364839
2024-09-11-06-18-46,4,840,60.000061,/blk/mp0,745,uniform-shuffle,"",70000.000000,10833.333008,60,1,0.990000,41.816624,0.416666,10706.672852,107.799889,0.000000,r,61,63,65,66,74,78,106,110,119,125,154,223,403,487,560,653,765,861,1053,1558,1558,2183,156.324057,1011104.000000,6468,w,8,9,9,9,9,10,10,11,890,1920,3327,4757,5463,5821,6184,6344,6443,6495,6612,6776,6898,6964,1302.664677,836833091.000000,642401,s,2147483647,0,0,0,0,0,0,0,0,0,0,0,0,0,0,0,0,0,0,0,0,-2147483648,0,0.000000,0,c,0,0,0,0,0,0,0,0,0,0,0,0,0,0,0,0,0,0,2,3,6,319,0.002955,2594148.000000,877864930
2024-09-11-06-18-46,4,900,59.999939,/blk/mp0,745,uniform-shuffle,"",70000.000000,10833.333008,60,1,0.990000,41.933376,0.400000,10736.894531,105.500107,0.000000,r,61,63,65,66,75,77,106,110,119,126,158,232,402,476,564,646,754,830,948,1271,1271,1731,156.084992,988018.000000,6330,w,8,9,9,9,9,10,10,11,1018,1963,3088,4557,5403,5701,6136,6337,6467,6532,6643,6874,7123,7902,1285.712756,828272872.000000,644213,s,2147483647,0,0,0,0,0,0,0,0,0,0,0,0,0,0,0,0,0,0,0,0,-2147483648,0,0.000000,0,c,0,0,0,0,0,0,0,0,0,0,0,0,0,0,0,0,0,0,2,3,6,315,0.002960,2598636.000000,877881446
2024-09-11-06-18-46,4,960,60.000061,/blk/mp0,745,uniform-shuffle,"",70000.000000,10833.333008,60,1,0.990000,41.916622,0.416666,10731.872070,107.599892,0.000000,r,61,63,65,66,74,79,106,110,119,124,148,209,386,465,543,641,749,836,1025,1443,1443,1845,153.087361,988332.000000,6456,w,8,9,9,9,9,10,10,11,928,1934,3161,4643,5430,5670,6145,6341,6441,6493,6598,6845,7118,7148,1284.623836,827185988.000000,643913,s,2147483647,0,0,0,0,0,0,0,0,0,0,0,0,0,0,0,0,0,0,0,0,-2147483648,0,0.000000,0,c,0,0,0,0,0,0,0,0,0,0,0,0,0,0,0,0,0,0,2,3,6,306,0.002960,2594547.000000,876475464
2024-09-11-06-40-31,4,60,60.000206,/blk/mp0,745,uniform-shuffle,"",60000.000000,9166.666992,60,1,0.990000,35.533211,0.349999,9097.102539,90.683022,0.000000,r,61,63,64,65,66,75,102,107,116,118,126,163,316,426,537,685,832,962,1459,7190,7190,12723,148.389267,807386.000000,5441,w,8,9,9,9,9,9,9,10,20,857,2200,4034,5455,5988,6707,7326,7668,8580,17507,19998,19998,19998,1184.850237,646724435.000000,545828,s,19999,0,0,0,0,0,0,0,0,0,0,0,0,0,0,0,0,0,0,0,0,0,0,0.000000,0,c,0,0,0,0,0,0,0,0,0,0,0,0,0,0,0,0,0,0,1,3,5,77,0.002215,2046969.000000,923965743
2024-09-11-06-40-31,4,120,59.999969,/blk/mp0,745,uniform-shuffle,"",60000.000000,9166.666992,60,1,0.990000,35.483353,0.350000,9085.637695,90.450043,0.000000,r,61,63,64,65,66,75,88,107,114,118,122,144,215,328,479,669,785,873,1183,1442,1442,1704,133.548185,724766.000000,5427,w,8,9,9,9,9,9,9,10,18,844,1985,3345,5026,5827,6559,7265,7434,7511,7671,7923,8063,8904,1084.664237,591291693.000000,545138,s,2147483647,0,0,0,0,0,0,0,0,0,0,0,0,0,0,0,0,0,0,0,0,-2147483648,0,0.000000,0,c,0,0,0,0,0,0,0,0,0,0,0,0,0,0,0,0,0,0,1,3,5,347,0.002241,2067130.000000,922424466
2024-09-11-06-40-31,4,180,60.000046,/blk/mp0,745,uniform-shuffle,"",60000.000000,9166.666992,60,1,0.990000,35.416641,0.350000,9070.759766,93.533264,0.000000,r,61,63,64,65,67,75,92,107,113,118,122,146,214,314,473,665,796,870,1204,1455,1455,1509,133.266215,747890.000000,5612,w,8,9,9,9,9,9,9,10,18,778,1978,3398,5127,5859,6564,7246,7433,7536,7701,7974,8174,8344,1088.947213,592655165.000000,544246,s,2147483647,0,0,0,0,0,0,0,0,0,0,0,0,0,0,0,0,0,0,0,0,-2147483648,0,0.000000,0,c,0,0,0,0,0,0,0,0,0,0,0,0,0,0,0,0,0,0,1,3,5,321,0.002290,2101439.000000,917598526
2024-09-11-06-40-31,4,240,59.999985,/blk/mp0,745,uniform-shuffle,"",60000.000000,9166.666992,60,1,0.990000,35.433342,0.350000,9073.268555,91.433357,0.000000,r,61,63,64,65,66,75,87,107,113,118,120,134,180,238,373,591,719,823,1101,1660,1660,1744,124.004922,680291.000000,5486,w,8,9,9,9,9,9,9,10,24,758,1764,2993,4640,5658,6188,7153,7415,7492,7666,7986,8061,8109,1020.410743,555507527.000000,544396,s,2147483647,0,0,0,0,0,0,0,0,0,0,0,0,0,0,0,0,0,0,0,0,-2147483648,0,0.000000,0,c,0,0,0,0,0,0,0,0,0,0,0,0,0,0,0,0,0,0,1,3,5,319,0.002290,2102889.000000,918149405
2024-09-11-06-40-31,4,300,59.999969,/blk/mp0,745,uniform-shuffle,"",60000.000000,9166.666992,60,1,0.990000,35.483353,0.350000,9084.587891,92.083382,0.000000,r,61,63,64,65,66,75,91,107,112,117,120,134,182,251,395,596,725,788,1008,1585,1585,1652,124.966697,690441.000000,5525,w,8,9,9,9,9,9,9,10,17,627,1641,2908,4563,5613,6235,7122,7388,7468,7622,7882,8243,8411,998.701898,544367437.000000,545075,s,2147483647,0,0,0,0,0,0,0,0,0,0,0,0,0,0,0,0,0,0,0,0,-2147483648,0,0.000000,0,c,0,0,0,0,0,0,0,0,0,0,0,0,0,0,0,0,0,0,1,3,5,310,0.002292,2102870.000000,917626447
2024-09-11-06-40-31,4,360,60.000000,/blk/mp0,745,uniform-shuffle,"",60000.000000,9166.666992,60,1,0.990000,35.483334,0.350000,9087.616211,91.883331,0.000000,r,61,63,64,65,66,75,88,107,116,119,125,157,271,390,557,693,822,899,1095,1371,1371,1475,140.567930,774951.000000,5513,w,8,9,9,9,9,9,9,10,35,999,2429,4334,5843,6272,7012,7352,7495,7570,7733,8028,8452,8503,1227.027631,669045405.000000,545257,s,2147483647,0,0,0,0,0,0,0,0,0,0,0,0,0,0,0,0,0,0,0,0,-2147483648,0,0.000000,0,c,0,0,0,0,0,0,0,0,0,0,0,0,0,0,0,0,0,0,1,3,6,311,0.002307,2112612.000000,915875802
2024-09-11-06-40-31,4,420,60.000031,/blk/mp0,745,uniform-shuffle,"",60000.000000,9166.666992,60,1,0.990000,35.383316,0.350000,9060.112305,89.633286,0.000000,r,61,63,65,65,66,75,97,107,114,118,122,144,204,286,435,645,776,862,1155,1397,1397,1566,131.240052,705809.000000,5378,w,8,9,9,9,9,9,9,10,20,758,1630,2946,5064,5933,6472,7287,7472,7547,7723,8084,8344,8395,1045.676018,568436803.000000,543607,s,2147483647,0,0,0,0,0,0,0,0,0,0,0,0,0,0,0,0,0,0,0,0,-2147483648,0,0.000000,0,c,0,0,0,0,0,0,0,0,0,0,0,0,0,0,0,0,0,0,1,3,6,320,0.002289,2100131.000000,917623806
2024-09-11-06-40-31,4,480,59.999969,/blk/mp0,745,uniform-shuffle,"",60000.000000,9166.666992,60,1,0.990000,35.416683,0.350000,9068.387695,93.150047,0.000000,r,61,63,64,65,66,75,95,107,113,117,121,138,188,275,407,632,789,910,1153,1581,1581,1591,128.961532,720766.000000,5589,w,8,9,9,9,9,9,9,10,21,761,1826,3099,4580,5444,6204,7192,7402,7503,7706,8141,8300,8431,1024.741196,557564759.000000,544103,s,2147483647,0,0,0,0,0,0,0,0,0,0,0,0,0,0,0,0,0,0,0,0,-2147483648,0,0.000000,0,c,0,0,0,0,0,0,0,0,0,0,0,0,0,0,0,0,0,0,1,3,5,310,0.002290,2101959.000000,917813966
2024-09-11-06-40-31,4,540,60.000031,/blk/mp0,745,uniform-shuffle,"",60000.000000,9166.666992,60,1,0.990000,35.449982,0.350000,9077.028320,91.299957,0.000000,r,61,63,65,65,67,75,103,107,116,118,123,147,224,318,498,668,800,877,1031,1391,1391,1604,134.998722,739523.000000,5478,w,8,9,9,9,9,9,9,10,16,660,1721,3249,5068,5908,6590,7278,7461,7549,7745,8105,8558,8574,1059.665138,577116947.000000,544622,s,2147483647,0,0,0,0,0,0,0,0,0,0,0,0,0,0,0,0,0,0,0,0,-2147483648,0,0.000000,0,c,0,0,0,0,0,0,0,0,0,0,0,0,0,0,0,0,0,0,1,3,6,310,0.002293,2103414.000000,917496865
2024-09-11-06-40-31,4,600,60.000000,/blk/mp0,745,uniform-shuffle,"",60000.000000,9166.666992,60,1,0.990000,35.416668,0.350000,9069.233398,90.083336,0.000000,r,61,63,65,65,67,75,101,107,116,118,124,155,266,374,527,684,796,883,1066,1281,1281,1424,139.132655,752012.000000,5405,w,8,9,9,9,9,9,10,10,18,694,1830,3430,5660,6195,6920,7312,7452,7544,7759,7964,8183,8318,1117.177321,607916508.000000,544154,s,2147483647,0,0,0,0,0,0,0,0,0,0,0,0,0,0,0,0,0,0,0,0,-2147483648,0,0.000000,0,c,0,0,0,0,0,0,0,0,0,0,0,0,0,0,0,0,0,0,1,3,6,312,0.002391,2189951.000000,916061500
2024-09-11-06-40-31,4,660,59.999939,/blk/mp0,745,uniform-shuffle,"",60000.000000,9166.666992,60,1,0.990000,35.500034,0.350000,9091.109375,90.633423,0.000000,r,61,63,64,65,66,75,80,107,112,118,121,142,202,323,504,687,815,929,1099,1363,1363,1709,134.068775,729066.000000,5438,w,8,9,9,9,9,9,10,10,19,724,2012,3397,5304,5980,6578,7272,7467,7565,7728,8122,8317,10681,1099.958480,599989952.000000,545466,s,2147483647,0,0,0,0,0,0,0,0,0,0,0,0,0,0,0,0,0,0,0,0,-2147483648,0,0.000000,0,c,0,0,0,0,0,0,0,0,0,0,0,0,0,0,0,0,0,0,1,3,6,338,0.002437,2232454.000000,916091098
2024-09-11-06-40-31,4,720,60.000000,/blk/mp0,745,uniform-shuffle,"",60000.000000,9166.666992,60,1,0.990000,35.450001,0.350000,9076.549805,91.050003,0.000000,r,61,63,64,65,66,75,85,107,112,117,121,138,201,286,414,633,777,868,1004,1257,1257,1343,128.546037,702247.000000,5463,w,8,9,9,9,9,9,10,10,19,575,1550,2818,4764,5715,6325,7221,7458,7540,7704,8011,8114,8232,1002.313048,545852670.000000,544593,s,2147483647,0,0,0,0,0,0,0,0,0,0,0,0,0,0,0,0,0,0,0,0,-2147483648,0,0.000000,0,c,0,0,0,0,0,0,0,0,0,0,0,0,0,0,0,0,0,0,1,3,6,316,0.002440,2235936.000000,916403633
2024-09-11-06-40-31,4,780,60.000000,/blk/mp0,745,uniform-shuffle,"",60000.000000,9166.666992,60,1,0.990000,35.349998,0.350000,9049.599609,91.599998,0.000000,r,61,63,65,65,66,75,90,107,114,118,121,143,197,291,426,624,759,859,1030,1474,1474,1609,129.646288,712536.000000,5496,w,8,9,9,9,9,9,10,10,21,806,2103,3523,5134,5864,6469,7271,7445,7526,7653,7857,8002,8082,1100.592737,597595442.000000,542976,s,2147483647,0,0,0,0,0,0,0,0,0,0,0,0,0,0,0,0,0,0,0,0,-2147483648,0,0.000000,0,c,0,0,0,0,0,0,0,0,0,0,0,0,0,0,0,0,0,0,1,3,6,317,0.002441,2236124.000000,915982251
2024-09-11-06-40-31,4,840,60.000000,/blk/mp0,745,uniform-shuffle,"",60000.000000,9166.666992,60,1,0.990000,35.466667,0.350000,9080.516602,92.699997,0.000000,r,61,63,64,65,66,75,85,107,114,118,121,140,199,303,437,633,792,864,1059,1179,1179,1823,129.948939,722776.000000,5562,w,8,9,9,9,9,9,10,10,17,532,1708,3053,4964,5794,6362,7226,7427,7513,7666,7907,8052,8073,1031.119356,561785790.000000,544831,s,2147483647,0,0,0,0,0,0,0,0,0,0,0,0,0,0,0,0,0,0,0,0,-2147483648,0,0.000000,0,c,0,0,0,0,0,0,0,0,0,0,0,0,0,0,0,0,0,0,1,3,6,321,0.002452,2246960.000000,916224912
2024-09-11-06-40-31,4,900,60.000000,/blk/mp0,745,uniform-shuffle,"",60000.000000,9166.666992,60,1,0.990000,35.466667,0.350000,9079.516602,90.966667,0.000000,r,61,63,65,65,66,75,99,107,116,118,123,146,221,316,450,633,765,827,1025,1370,1370,1418,131.994137,720424.000000,5458,w,8,9,9,9,9,9,10,10,17,668,1744,3270,5196,5938,6624,7287,7460,7544,7696,8038,8212,8305,1071.648603,583803081.000000,544771,s,2147483647,0,0,0,0,0,0,0,0,0,0,0,0,0,0,0,0,0,0,0,0,-2147483648,0,0.000000,0,c,0,0,0,0,0,0,0,0,0,0,0,0,0,0,0,0,0,0,1,3,6,311,0.002458,2251209.000000,915957754
2024-09-11-06-40-31,4,960,60.000061,/blk/mp0,745,uniform-shuffle,"",60000.000000,9166.666992,60,1,0.990000,35.416630,0.350000,9070.890625,91.616577,0.000000,r,61,63,65,65,67,75,98,107,115,118,121,142,200,287,415,633,745,845,1108,1395,1395,1408,129.188830,710151.000000,5497,w,8,9,9,9,9,9,10,10,18,625,1552,3033,4902,5735,6364,7205,7431,7536,7713,7989,8520,8614,1024.584703,557634323.000000,544254,s,2147483647,0,0,0,0,0,0,0,0,0,0,0,0,0,0,0,0,0,0,0,0,-2147483648,0,0.000000,0,c,0,0,0,0,0,0,0,0,0,0,0,0,0,0,0,0,0,0,1,3,6,316,0.002444,2240967.000000,917037966
2024-09-11-07-02-16,4,60,60.000008,/blk/mp0,745,uniform-shuffle,"",50000.000000,7500.000000,60,1,0.990000,28.999996,0.283333,7426.648926,76.349991,0.000000,r,61,63,64,65,65,74,76,104,107,111,118,123,164,228,392,616,837,1047,2990,6138,6138,6760,129.049334,591175.000000,4581,w,8,9,9,9,9,9,9,10,10,11,381,1664,3479,4775,5790,7849,8781,10866,18199,19998,19998,19998,831.737374,370621342.000000,445599,s,19999,0,0,0,0,0,0,0,0,0,0,0,0,0,0,0,0,0,0,0,0,0,0,0.000000,0,c,0,0,0,0,0,0,0,0,0,0,0,0,0,0,0,0,0,0,1,3,5,50,0.001928,1747405.000000,906154504
2024-09-11-07-02-16,4,120,59.999969,/blk/mp0,745,uniform-shuffle,"",50000.000000,7500.000000,60,1,0.990000,28.966681,0.283333,7416.354004,75.933372,0.000000,r,61,63,64,65,65,74,76,99,107,110,117,120,136,159,204,339,576,729,1109,1388,1388,1414,104.072871,474156.000000,4556,w,8,9,9,9,9,9,9,10,10,11,252,1237,2668,3678,5029,6916,8330,8714,9069,9382,9537,9852,676.906171,301210385.000000,444981,s,2147483647,0,0,0,0,0,0,0,0,0,0,0,0,0,0,0,0,0,0,0,0,-2147483648,0,0.000000,0,c,0,0,0,0,0,0,0,0,0,0,0,0,0,0,0,0,0,0,1,3,5,340,0.001955,1768100.000000,904617944
2024-09-11-07-02-16,4,180,60.000000,/blk/mp0,745,uniform-shuffle,"",50000.000000,7500.000000,60,1,0.990000,29.066668,0.283333,7441.583496,76.666664,0.000000,r,61,63,64,65,65,74,76,104,108,111,117,120,142,166,217,354,552,758,996,1299,1299,1711,105.390217,484795.000000,4600,w,8,9,9,9,9,9,10,10,10,12,386,1318,3026,3987,5258,6840,8568,8864,9097,9356,9912,10211,719.099067,321074138.000000,446495,s,2147483647,0,0,0,0,0,0,0,0,0,0,0,0,0,0,0,0,0,0,0,0,-2147483648,0,0.000000,0,c,0,0,0,0,0,0,0,0,0,0,0,0,0,0,0,0,0,0,1,3,5,316,0.002108,1892738.000000,897776687
2024-09-11-07-02-16,4,240,59.999985,/blk/mp0,745,uniform-shuffle,"",50000.000000,7500.000000,60,1,0.990000,29.083342,0.283333,7446.835449,74.233353,0.000000,r,61,63,64,65,65,74,76,102,108,111,117,120,139,158,214,360,501,691,868,1068,1068,1231,103.951055,462998.000000,4454,w,8,9,9,9,9,9,10,10,10,11,176,1012,2502,3486,4646,6382,8035,8452,8835,9016,9264,9407,625.324914,279401425.000000,446810,s,2147483647,0,0,0,0,0,0,0,0,0,0,0,0,0,0,0,0,0,0,0,0,-2147483648,0,0.000000,0,c,0,0,0,0,0,0,0,0,0,0,0,0,0,0,0,0,0,0,1,3,5,312,0.002100,1886783.000000,898463604
2024-09-11-07-02-16,4,300,60.000015,/blk/mp0,745,uniform-shuffle,"",50000.000000,7500.000000,60,1,0.990000,28.983326,0.300000,7423.914551,77.749977,0.000000,r,61,63,64,65,65,74,76,99,108,111,117,120,137,160,201,310,414,588,879,1004,1004,1015,101.053376,471414.000000,4665,w,8,9,9,9,9,9,10,10,10,12,423,1457,2905,3762,4707,6409,8063,8572,8903,9214,9625,9795,684.225092,304777804.000000,445435,s,2147483647,0,0,0,0,0,0,0,0,0,0,0,0,0,0,0,0,0,0,0,0,-2147483648,0,0.000000,0,c,0,0,0,0,0,0,0,0,0,0,0,0,0,0,0,0,0,0,1,3,6,311,0.002101,1887176.000000,898219567
2024-09-11-07-02-16,4,360,60.000000,/blk/mp0,745,uniform-shuffle,"",50000.000000,7500.000000,60,1,0.990000,28.966667,0.283333,7416.116699,74.166664,0.000000,r,61,63,64,65,65,74,76,104,108,110,117,121,145,175,237,373,640,819,1060,1222,1222,1453,107.491461,478337.000000,4450,w,8,9,9,9,9,9,10,10,10,11,231,1159,2498,3504,5214,7291,8540,8808,9081,9489,10018,10072,675.209634,300446005.000000,444967,s,2147483647,0,0,0,0,0,0,0,0,0,0,0,0,0,0,0,0,0,0,0,0,-2147483648,0,0.000000,0,c,0,0,0,0,0,0,0,0,0,0,0,0,0,0,0,0,0,0,1,3,6,313,0.002099,1884426.000000,897635436
2024-09-11-07-02-16,4,420,60.000000,/blk/mp0,745,uniform-shuffle,"",50000.000000,7500.000000,60,1,0.990000,29.000000,0.283333,7427.450195,73.616669,0.000000,r,61,63,64,65,65,74,76,104,108,112,118,121,141,161,223,363,578,796,939,1173,1173,1176,106.003170,468216.000000,4417,w,8,9,9,9,9,9,10,10,10,11,224,1163,2742,3942,5338,6934,8273,8704,9004,9320,9419,9582,691.068411,307972564.000000,445647,s,2147483647,0,0,0,0,0,0,0,0,0,0,0,0,0,0,0,0,0,0,0,0,-2147483648,0,0.000000,0,c,0,0,0,0,0,0,0,0,0,0,0,0,0,0,0,0,0,0,1,3,6,309,0.002103,1888263.000000,897761062
2024-09-11-07-02-16,4,480,60.000031,/blk/mp0,745,uniform-shuffle,"",50000.000000,7500.000000,60,1,0.990000,28.999985,0.283333,7426.496094,74.199959,0.000000,r,61,63,64,65,65,74,76,104,108,112,118,121,142,172,234,361,603,800,1062,1141,1141,1272,106.621294,474678.000000,4452,w,8,9,9,9,9,9,10,10,10,11,244,1278,2903,3904,5309,7023,8327,8735,8995,9376,9787,9830,703.495781,313470685.000000,445590,s,2147483647,0,0,0,0,0,0,0,0,0,0,0,0,0,0,0,0,0,0,0,0,-2147483648,0,0.000000,0,c,0,0,0,0,0,0,0,0,0,0,0,0,0,0,0,0,0,0,1,3,5,318,0.002100,1886065.000000,898273165
2024-09-11-07-02-16,4,540,59.999908,/blk/mp0,745,uniform-shuffle,"",50000.000000,7500.000000,60,1,0.990000,29.000044,0.283334,7428.127930,75.533447,0.000000,r,61,63,64,65,65,74,76,104,108,111,118,121,140,160,208,338,508,747,1098,1362,1362,1402,105.285746,477155.000000,4532,w,8,9,9,9,9,9,10,10,10,11,181,970,2234,3077,4344,6033,8044,8699,9097,9397,9673,9730,591.647261,263689493.000000,445687,s,2147483647,0,0,0,0,0,0,0,0,0,0,0,0,0,0,0,0,0,0,0,0,-2147483648,0,0.000000,0,c,0,0,0,0,0,0,0,0,0,0,0,0,0,0,0,0,0,0,1,3,5,313,0.002127,1908183.000000,896931772
2024-09-11-07-02-16,4,600,60.000000,/blk/mp0,745,uniform-shuffle,"",50000.000000,7500.000000,60,1,0.990000,29.000000,0.283333,7427.033203,74.000000,0.000000,r,61,63,64,65,65,74,76,87,107,109,117,120,138,161,213,377,628,839,1066,1487,1487,1681,105.878378,470100.000000,4440,w,8,9,9,9,9,9,10,10,10,12,319,1453,3351,4293,5653,7445,8542,8775,9029,9346,9591,9701,759.924640,338639138.000000,445622,s,2147483647,0,0,0,0,0,0,0,0,0,0,0,0,0,0,0,0,0,0,0,0,-2147483648,0,0.000000,0,c,0,0,0,0,0,0,0,0,0,0,0,0,0,0,0,0,0,0,1,3,5,392,0.002126,1907486.000000,897284252
2024-09-11-07-02-16,4,660,60.000061,/blk/mp0,745,uniform-shuffle,"",50000.000000,7500.000000,60,1,0.990000,28.999971,0.283333,7425.725586,76.549919,0.000000,r,61,63,64,65,65,74,76,104,108,110,117,120,139,164,208,367,607,814,1127,1403,1403,1404,106.210973,487827.000000,4593,w,8,9,9,9,9,9,10,10,10,11,152,977,2404,3464,5133,6901,8489,8792,9157,9694,10094,10159,651.447107,290248350.000000,445544,s,2147483647,0,0,0,0,0,0,0,0,0,0,0,0,0,0,0,0,0,0,0,0,-2147483648,0,0.000000,0,c,0,0,0,0,0,0,0,0,0,0,0,0,0,0,0,0,0,0,1,3,5,311,0.002167,1943459.000000,896925181
2024-09-11-07-02-16,4,720,59.999939,/blk/mp0,745,uniform-shuffle,"",50000.000000,7500.000000,60,1,0.990000,28.916697,0.283334,7406.791016,74.883408,0.000000,r,61,63,64,65,65,74,76,105,108,113,118,122,151,181,267,417,731,869,1209,1280,1280,1557,112.160027,503935.000000,4493,w,8,9,9,9,9,9,10,10,10,12,429,1786,3754,4786,6134,7774,8702,8895,9190,9503,9779,9881,832.611169,370018232.000000,444407,s,2147483647,0,0,0,0,0,0,0,0,0,0,0,0,0,0,0,0,0,0,0,0,-2147483648,0,0.000000,0,c,0,0,0,0,0,0,0,0,0,0,0,0,0,0,0,0,0,0,1,3,5,320,0.002102,1887670.000000,897862358
2024-09-11-07-02-16,4,780,60.000061,/blk/mp0,745,uniform-shuffle,"",50000.000000,7500.000000,60,1,0.990000,29.116636,0.283333,7455.542480,75.099922,0.000000,r,61,63,64,65,65,74,76,100,107,110,117,120,136,157,208,368,606,752,964,1196,1196,1244,104.594763,471304.000000,4506,w,8,9,9,9,9,9,10,10,10,11,140,1058,2765,3909,5261,6977,8409,8705,9024,9250,9396,9435,681.037069,304650355.000000,447333,s,2147483647,0,0,0,0,0,0,0,0,0,0,0,0,0,0,0,0,0,0,0,0,-2147483648,0,0.000000,0,c,0,0,0,0,0,0,0,0,0,0,0,0,0,0,0,0,0,0,1,3,5,315,0.002110,1893410.000000,897165604
2024-09-11-07-02-16,4,840,60.000000,/blk/mp0,745,uniform-shuffle,"",50000.000000,7500.000000,60,1,0.990000,28.983334,0.283333,7421.750000,74.816666,0.000000,r,61,63,64,65,65,74,76,99,107,110,117,120,140,160,209,368,576,774,1126,1481,1481,1652,105.510804,473638.000000,4489,w,8,9,9,9,9,9,10,10,10,12,268,1219,2687,3840,5247,6949,8408,8741,9041,9527,9731,9846,686.919590,305888728.000000,445305,s,2147483647,0,0,0,0,0,0,0,0,0,0,0,0,0,0,0,0,0,0,0,0,-2147483648,0,0.000000,0,c,0,0,0,0,0,0,0,0,0,0,0,0,0,0,0,0,0,0,1,3,5,312,0.002103,1889299.000000,898322019
2024-09-11-07-02-16,4,900,60.000000,/blk/mp0,745,uniform-shuffle,"",50000.000000,7500.000000,60,1,0.990000,28.950001,0.300000,7411.549805,76.933334,0.000000,r,61,63,64,65,65,74,76,102,108,110,117,120,135,152,196,300,417,596,969,1160,1160,1669,101.059792,466492.000000,4616,w,8,9,9,9,9,9,10,10,10,11,139,926,2267,3215,4410,6351,7771,8430,8962,9292,9749,9894,592.460599,263463081.000000,444693,s,2147483647,0,0,0,0,0,0,0,0,0,0,0,0,0,0,0,0,0,0,0,0,-2147483648,0,0.000000,0,c,0,0,0,0,0,0,0,0,0,0,0,0,0,0,0,0,0,0,1,3,5,1051,0.002107,1889357.000000,896803013
2024-09-11-07-02-16,4,960,59.999939,/blk/mp0,745,uniform-shuffle,"",50000.000000,7500.000000,60,1,0.990000,29.000029,0.283334,7424.641113,75.050079,0.000000,r,61,63,64,65,65,74,76,104,108,112,117,120,140,162,211,360,447,706,1012,1174,1174,1387,104.156784,469018.000000,4503,w,8,9,9,9,9,9,10,10,10,12,276,1079,2475,3647,4882,6574,8211,8702,9000,9264,9618,9755,649.863576,289499926.000000,445478,s,2147483647,0,0,0,0,0,0,0,0,0,0,0,0,0,0,0,0,0,0,0,0,-2147483648,0,0.000000,0,c,0,0,0,0,0,0,0,0,0,0,0,0,0,0,0,0,0,0,1,3,5,309,0.002100,1885299.000000,897838142
2024-09-11-07-24-01,4,60,59.999901,/blk/mp0,745,uniform-shuffle,"",40000.000000,5833.333496,60,1,0.990000,22.550037,0.216667,5772.926270,58.600098,0.000000,r,61,62,64,64,65,66,75,76,105,107,109,117,124,140,186,383,778,1006,1796,5276,5276,5925,108.066553,379962.000000,3516,w,8,9,9,9,9,9,9,9,10,10,11,213,1319,2391,3756,6359,8738,10671,19543,19998,19998,19998,537.475306,186168009.000000,346375,s,19999,0,0,0,0,0,0,0,0,0,0,0,0,0,0,0,0,0,0,0,0,0,0,0.000000,0,c,0,0,0,0,0,0,0,0,0,0,0,0,0,0,0,0,0,0,0,3,5,134,0.001570,1384911.000000,882025086
2024-09-11-07-24-01,4,120,60.000031,/blk/mp0,745,uniform-shuffle,"",40000.000000,5833.333496,60,1,0.990000,22.616655,0.216667,5792.546875,56.883305,0.000000,r,61,62,63,64,65,65,74,76,105,107,110,117,122,135,162,236,340,385,577,756,756,1510,91.426897,312040.000000,3413,w,8,9,9,9,9,9,9,9,10,10,10,21,819,1710,2749,4335,6706,7822,10095,10613,10898,11054,360.084445,125148429.000000,347553,s,2147483647,0,0,0,0,0,0,0,0,0,0,0,0,0,0,0,0,0,0,0,0,-2147483648,0,0.000000,0,c,0,0,0,0,0,0,0,0,0,0,0,0,0,0,0,0,0,0,0,3,5,338,0.001605,1395219.000000,869559421
2024-09-11-07-24-01,4,180,60.000000,/blk/mp0,745,uniform-shuffle,"",40000.000000,5833.333496,60,1,0.990000,22.600000,0.216667,5787.166504,59.616665,0.000000,r,61,63,64,64,65,66,74,76,104,106,108,117,120,128,150,208,340,396,423,448,448,637,89.233995,319190.000000,3577,w,8,9,9,9,9,9,9,10,10,10,11,21,786,1420,2530,4221,6234,7943,10002,10618,11043,11115,340.080586,118086182.000000,347230,s,2147483647,0,0,0,0,0,0,0,0,0,0,0,0,0,0,0,0,0,0,0,0,-2147483648,0,0.000000,0,c,0,0,0,0,0,0,0,0,0,0,0,0,0,0,0,0,0,0,0,3,5,305,0.001725,1483013.000000,859676094
2024-09-11-07-24-01,4,240,60.000000,/blk/mp0,745,uniform-shuffle,"",40000.000000,5833.333496,60,1,0.990000,22.583334,0.216667,5783.633301,57.883335,0.000000,r,61,63,64,64,65,66,74,76,104,106,109,117,122,133,163,256,376,411,435,522,522,2434,91.454938,317623.000000,3473,w,8,9,9,9,9,9,9,10,10,10,11,26,911,1647,3182,5024,7028,8334,10378,11057,11140,11166,396.041701,137433599.000000,347018,s,2147483647,0,0,0,0,0,0,0,0,0,0,0,0,0,0,0,0,0,0,0,0,-2147483648,0,0.000000,0,c,0,0,0,0,0,0,0,0,0,0,0,0,0,0,0,0,0,0,0,3,6,302,0.001750,1502433.000000,858309608
2024-09-11-07-24-01,4,300,60.000000,/blk/mp0,745,uniform-shuffle,"",40000.000000,5833.333496,60,1,0.990000,22.616667,0.216667,5792.433105,59.333332,0.000000,r,61,63,64,64,65,66,75,76,105,107,110,117,121,132,154,231,373,414,750,1253,1253,1495,91.581461,326030.000000,3560,w,8,9,9,9,9,9,9,10,10,10,11,34,881,1499,2518,4167,6333,7695,10906,11295,11730,11793,348.404134,121086463.000000,347546,s,2147483647,0,0,0,0,0,0,0,0,0,0,0,0,0,0,0,0,0,0,0,0,-2147483648,0,0.000000,0,c,0,0,0,0,0,0,0,0,0,0,0,0,0,0,0,0,0,0,0,3,6,305,0.001751,1503908.000000,858646756
2024-09-11-07-24-01,4,360,59.999969,/blk/mp0,745,uniform-shuffle,"",40000.000000,5833.333496,60,1,0.990000,22.583345,0.216667,5783.402832,57.466698,0.000000,r,61,63,64,64,65,66,75,76,105,107,109,117,121,130,159,222,326,400,445,497,497,1574,90.464907,311923.000000,3448,w,8,9,9,9,9,9,9,10,10,10,11,33,790,1466,2768,4715,6638,7415,9143,10183,10842,10967,358.375437,124357710.000000,347004,s,2147483647,0,0,0,0,0,0,0,0,0,0,0,0,0,0,0,0,0,0,0,0,-2147483648,0,0.000000,0,c,0,0,0,0,0,0,0,0,0,0,0,0,0,0,0,0,0,0,0,3,6,296,0.001751,1501505.000000,857714301
2024-09-11-07-24-01,4,420,60.000031,/blk/mp0,745,uniform-shuffle,"",40000.000000,5833.333496,60,1,0.990000,22.583323,0.216667,5783.130371,57.199970,0.000000,r,61,63,64,64,65,66,75,76,104,107,109,117,120,131,159,251,369,411,510,829,829,1002,91.680070,314646.000000,3432,w,8,9,9,9,9,9,9,10,10,10,11,105,1292,2017,3075,4769,6819,7757,10322,11147,11442,11599,409.803708,142196969.000000,346988,s,2147483647,0,0,0,0,0,0,0,0,0,0,0,0,0,0,0,0,0,0,0,0,-2147483648,0,0.000000,0,c,0,0,0,0,0,0,0,0,0,0,0,0,0,0,0,0,0,0,0,3,6,939,0.001749,1502771.000000,858999640
2024-09-11-07-24-01,4,480,59.999969,/blk/mp0,745,uniform-shuffle,"",40000.000000,5833.333496,60,1,0.990000,22.566679,0.216667,5780.953125,59.133362,0.000000,r,61,63,64,64,65,66,75,76,104,107,110,118,123,135,156,252,382,430,1198,1473,1473,1536,93.372604,331286.000000,3548,w,8,9,9,9,9,9,9,10,10,10,11,91,1110,1845,2752,4527,6889,8819,10880,11573,11833,11915,389.147542,134978549.000000,346857,s,2147483647,0,0,0,0,0,0,0,0,0,0,0,0,0,0,0,0,0,0,0,0,-2147483648,0,0.000000,0,c,0,0,0,0,0,0,0,0,0,0,0,0,0,0,0,0,0,0,0,3,6,309,0.001752,1503077.000000,857837502
2024-09-11-07-24-01,4,540,60.000000,/blk/mp0,745,uniform-shuffle,"",40000.000000,5833.333496,60,1,0.990000,22.500000,0.216667,5760.316895,58.683334,0.000000,r,61,63,64,64,65,66,75,76,105,107,109,118,125,143,171,252,400,436,760,1084,1084,1295,94.035217,331098.000000,3521,w,8,9,9,9,9,9,9,10,10,10,11,118,1180,1947,3059,4982,7176,8577,10423,11163,11799,11843,415.599464,143639071.000000,345619,s,2147483647,0,0,0,0,0,0,0,0,0,0,0,0,0,0,0,0,0,0,0,0,-2147483648,0,0.000000,0,c,0,0,0,0,0,0,0,0,0,0,0,0,0,0,0,0,0,0,0,3,5,316,0.001744,1495882.000000,857694774
2024-09-11-07-24-01,4,600,60.000000,/blk/mp0,745,uniform-shuffle,"",40000.000000,5833.333496,60,1,0.990000,22.549999,0.216667,5774.366699,59.400002,0.000000,r,61,63,64,64,65,66,75,76,104,107,109,117,122,134,159,233,361,428,621,966,966,1731,91.586139,326413.000000,3564,w,8,9,9,9,9,9,9,10,10,10,11,21,854,1525,2524,4708,7175,8552,11174,11921,12272,12397,370.689022,128429660.000000,346462,s,2147483647,0,0,0,0,0,0,0,0,0,0,0,0,0,0,0,0,0,0,0,0,-2147483648,0,0.000000,0,c,0,0,0,0,0,0,0,0,0,0,0,0,0,0,0,0,0,0,0,3,6,298,0.001746,1498447.000000,858203194
2024-09-11-07-24-01,4,660,60.000000,/blk/mp0,745,uniform-shuffle,"",40000.000000,5833.333496,60,1,0.990000,22.500000,0.216667,5761.833496,58.733334,0.000000,r,61,63,64,64,65,66,75,76,105,107,109,117,123,135,163,234,359,409,529,677,677,1023,91.744041,323306.000000,3524,w,8,9,9,9,9,9,9,10,10,10,11,64,959,1785,3070,4481,6398,7431,9272,10471,10767,11010,374.709433,129540798.000000,345710,s,2147483647,0,0,0,0,0,0,0,0,0,0,0,0,0,0,0,0,0,0,0,0,-2147483648,0,0.000000,0,c,0,0,0,0,0,0,0,0,0,0,0,0,0,0,0,0,0,0,0,3,5,309,0.001742,1495535.000000,858308180
2024-09-11-07-24-01,4,720,60.000061,/blk/mp0,745,uniform-shuffle,"",40000.000000,5833.333496,60,1,0.990000,22.549976,0.216666,5773.110840,59.083275,0.000000,r,61,63,64,64,65,66,75,76,105,107,109,117,122,135,166,267,413,439,959,1516,1516,1770,93.910014,332911.000000,3545,w,8,9,9,9,9,9,9,10,10,10,11,86,1391,2297,3697,5566,8028,8860,10869,11256,11964,12049,466.841911,161707969.000000,346387,s,2147483647,0,0,0,0,0,0,0,0,0,0,0,0,0,0,0,0,0,0,0,0,-2147483648,0,0.000000,0,c,0,0,0,0,0,0,0,0,0,0,0,0,0,0,0,0,0,0,0,3,6,293,0.001751,1503415.000000,858559161
2024-09-11-07-24-01,4,780,59.999878,/blk/mp0,745,uniform-shuffle,"",40000.000000,5833.333496,60,1,0.990000,22.566713,0.216667,5778.095215,57.816784,0.000000,r,61,63,64,64,65,66,75,76,105,107,109,117,120,128,149,206,326,379,461,1020,1020,1149,90.142692,312705.000000,3469,w,8,9,9,9,9,9,9,10,10,10,11,58,987,1831,2941,4840,7037,8137,9991,11168,11351,11507,390.430786,135356497.000000,346685,s,2147483647,0,0,0,0,0,0,0,0,0,0,0,0,0,0,0,0,0,0,0,0,-2147483648,0,0.000000,0,c,0,0,0,0,0,0,0,0,0,0,0,0,0,0,0,0,0,0,0,3,6,304,0.001745,1502098.000000,860990844
2024-09-11-07-24-01,4,840,60.000061,/blk/mp0,745,uniform-shuffle,"",40000.000000,5833.333496,60,1,0.990000,22.566643,0.216666,5779.394043,57.433273,0.000000,r,61,63,64,64,65,66,75,76,104,107,109,117,120,128,153,208,340,409,513,574,574,1401,90.190946,310798.000000,3446,w,8,9,9,9,9,9,9,10,10,10,11,35,824,1768,3185,5392,7551,9114,10305,10763,11097,17062,411.754138,142781512.000000,346764,s,2147483647,0,0,0,0,0,0,0,0,0,0,0,0,0,0,0,0,0,0,0,0,-2147483648,0,0.000000,0,c,0,0,0,0,0,0,0,0,0,0,0,0,0,0,0,0,0,0,0,3,6,376,0.001750,1501900.000000,858123062
2024-09-11-07-24-01,4,900,60.000000,/blk/mp0,745,uniform-shuffle,"",40000.000000,5833.333496,60,1,0.990000,22.533333,0.216667,5772.366699,58.099998,0.000000,r,61,63,64,64,65,66,75,76,104,106,109,117,121,129,155,213,351,415,668,887,887,1374,90.390993,315103.000000,3486,w,8,9,9,9,9,9,9,10,10,10,11,46,1002,1667,2581,4360,6782,8001,10296,11051,11227,11368,365.484097,126582493.000000,346342,s,2147483647,0,0,0,0,0,0,0,0,0,0,0,0,0,0,0,0,0,0,0,0,-2147483648,0,0.000000,0,c,0,0,0,0,0,0,0,0,0,0,0,0,0,0,0,0,0,0,0,3,6,307,0.001749,1501182.000000,858440725
2024-09-11-07-24-01,4,960,60.000061,/blk/mp0,745,uniform-shuffle,"",40000.000000,5833.333496,60,1,0.990000,22.533310,0.216666,5772.160645,58.616608,0.000000,r,61,63,64,64,65,66,75,76,105,107,109,117,122,134,158,228,387,431,537,1361,1361,1392,92.492465,325296.000000,3517,w,8,9,9,9,9,9,9,10,10,10,11,84,1043,1867,2986,4625,6697,8411,10658,11110,11517,11594,388.255176,134464415.000000,346330,s,2147483647,0,0,0,0,0,0,0,0,0,0,0,0,0,0,0,0,0,0,0,0,-2147483648,0,0.000000,0,c,0,0,0,0,0,0,0,0,0,0,0,0,0,0,0,0,0,0,0,3,6,318,0.001750,1501822.000000,858170410
2024-09-11-07-45-46,4,60,60.000015,/blk/mp0,745,uniform-shuffle,"",30000.000000,4166.666504,60,1,0.990000,16.099997,0.150000,4122.465820,42.266655,0.000000,r,61,63,64,64,64,65,74,75,76,99,106,110,118,124,156,302,838,1150,1821,5854,5854,5939,104.970426,266205.000000,2536,w,8,9,9,9,9,9,9,9,10,10,10,10,19,416,1400,4011,10711,11207,19998,19998,19998,19998,345.338644,85418823.000000,247348,s,19999,0,0,0,0,0,0,0,0,0,0,0,0,0,0,0,0,0,0,0,0,0,0,0.000000,0,c,0,0,0,0,0,0,0,0,0,0,0,0,0,0,0,0,0,0,0,3,5,47,0.001203,1101788.000000,916140732
2024-09-11-07-45-46,4,120,60.000015,/blk/mp0,745,uniform-shuffle,"",30000.000000,4166.666504,60,1,0.990000,16.149996,0.166667,4136.565430,42.816654,0.000000,r,61,63,64,64,65,65,74,75,76,103,107,112,119,122,143,192,310,374,479,668,668,727,85.869988,220600.000000,2569,w,8,9,9,9,9,9,9,10,10,10,10,11,19,334,936,1810,2926,4196,5962,7281,7395,7442,139.163948,34539657.000000,248194,s,2147483647,0,0,0,0,0,0,0,0,0,0,0,0,0,0,0,0,0,0,0,0,-2147483648,0,0.000000,0,c,0,0,0,0,0,0,0,0,0,0,0,0,0,0,0,0,0,0,0,3,5,335,0.001274,1153618.000000,905243613
2024-09-11-07-45-46,4,180,59.999969,/blk/mp0,745,uniform-shuffle,"",30000.000000,4166.666504,60,1,0.990000,16.133341,0.150000,4132.235352,42.316689,0.000000,r,61,63,64,64,65,65,74,76,76,90,106,109,118,121,136,181,293,369,433,481,481,486,84.931075,215640.000000,2539,w,8,9,9,9,9,9,10,10,10,10,10,11,18,283,827,1811,2988,3879,6309,7251,7360,7416,133.596179,33123035.000000,247934,s,2147483647,0,0,0,0,0,0,0,0,0,0,0,0,0,0,0,0,0,0,0,0,-2147483648,0,0.000000,0,c,0,0,0,0,0,0,0,0,0,0,0,0,0,0,0,0,0,0,0,3,5,287,0.001307,1174300.000000,898744621
2024-09-11-07-45-46,4,240,60.000000,/blk/mp0,745,uniform-shuffle,"",30000.000000,4166.666504,60,1,0.990000,16.049999,0.150000,4112.716797,40.900002,0.000000,r,61,63,64,64,64,65,67,75,76,82,106,109,118,121,137,177,304,368,429,486,486,1464,84.563162,207518.000000,2454,w,8,9,9,9,9,9,10,10,10,10,10,11,16,243,998,2152,3535,4872,8419,11418,11679,11682,159.812881,39435906.000000,246763,s,2147483647,0,0,0,0,0,0,0,0,0,0,0,0,0,0,0,0,0,0,0,0,-2147483648,0,0.000000,0,c,0,0,0,0,0,0,0,0,0,0,0,0,0,0,0,0,0,0,0,3,5,288,0.001323,1188252.000000,898290533
2024-09-11-07-45-46,4,300,60.000031,/blk/mp0,745,uniform-shuffle,"",30000.000000,4166.666504,60,1,0.990000,16.116659,0.150000,4130.081055,40.433311,0.000000,r,62,63,64,64,65,65,74,76,77,100,107,110,118,122,141,192,348,397,428,440,440,446,86.226711,209186.000000,2426,w,8,9,9,9,9,9,10,10,10,10,10,11,17,259,850,2034,3560,4556,7321,9831,10293,10313,149.949690,37158283.000000,247805,s,2147483647,0,0,0,0,0,0,0,0,0,0,0,0,0,0,0,0,0,0,0,0,-2147483648,0,0.000000,0,c,0,0,0,0,0,0,0,0,0,0,0,0,0,0,0,0,0,0,0,3,5,296,0.001322,1187634.000000,898056474
2024-09-11-07-45-46,4,360,59.999969,/blk/mp0,745,uniform-shuffle,"",30000.000000,4166.666504,60,1,0.990000,16.166676,0.166667,4138.918945,43.183353,0.000000,r,61,63,64,64,65,66,74,76,77,95,106,110,119,124,145,198,326,387,499,1061,1061,1210,86.434967,223953.000000,2591,w,8,9,9,9,9,9,10,10,10,10,10,11,16,238,820,1888,3558,4534,6588,8585,8723,8780,144.191588,35807818.000000,248335,s,2147483647,0,0,0,0,0,0,0,0,0,0,0,0,0,0,0,0,0,0,0,0,-2147483648,0,0.000000,0,c,0,0,0,0,0,0,0,0,0,0,0,0,0,0,0,0,0,0,0,3,5,296,0.001325,1184497.000000,894029682
2024-09-11-07-45-46,4,420,60.000000,/blk/mp0,745,uniform-shuffle,"",30000.000000,4166.666504,60,1,0.990000,16.083334,0.150000,4117.766602,42.383335,0.000000,r,61,63,64,64,65,65,72,76,77,104,107,110,118,122,143,199,305,372,422,438,438,476,85.764451,218099.000000,2543,w,8,9,9,9,9,10,10,10,10,10,10,11,17,212,793,1884,3246,4206,6632,7919,8095,8136,137.187428,33894349.000000,247066,s,2147483647,0,0,0,0,0,0,0,0,0,0,0,0,0,0,0,0,0,0,0,0,-2147483648,0,0.000000,0,c,0,0,0,0,0,0,0,0,0,0,0,0,0,0,0,0,0,0,0,3,5,294,0.001345,1206272.000000,896722218
2024-09-11-07-45-46,4,480,60.000061,/blk/mp0,745,uniform-shuffle,"",30000.000000,4166.666504,60,1,0.990000,16.149984,0.150000,4136.995605,41.549957,0.000000,r,61,63,64,64,65,65,74,76,77,90,106,109,118,121,143,193,360,399,446,710,710,1555,86.505816,215659.000000,2493,w,8,9,9,9,9,9,10,10,10,10,10,11,14,112,565,1554,3042,4134,5680,6429,6652,6723,116.920301,29021957.000000,248220,s,2147483647,0,0,0,0,0,0,0,0,0,0,0,0,0,0,0,0,0,0,0,0,-2147483648,0,0.000000,0,c,0,0,0,0,0,0,0,0,0,0,0,0,0,0,0,0,0,0,0,3,5,304,0.001329,1187031.000000,893493183
2024-09-11-07-45-46,4,540,60.000000,/blk/mp0,745,uniform-shuffle,"",30000.000000,4166.666504,60,1,0.990000,16.133333,0.150000,4130.200195,41.633335,0.000000,r,61,63,64,64,65,66,74,76,76,87,106,109,119,122,139,179,285,356,413,438,438,500,84.599680,211330.000000,2498,w,8,9,9,9,9,10,10,10,10,10,10,11,15,185,747,2019,4152,6361,12345,14243,14839,15020,171.019474,42380678.000000,247812,s,2147483647,0,0,0,0,0,0,0,0,0,0,0,0,0,0,0,0,0,0,0,0,-2147483648,0,0.000000,0,c,0,0,0,0,0,0,0,0,0,0,0,0,0,0,0,0,0,0,0,3,5,288,0.001386,1242427.000000,896089947
2024-09-11-07-45-46,4,600,60.000000,/blk/mp0,745,uniform-shuffle,"",30000.000000,4166.666504,60,1,0.990000,16.133333,0.150000,4130.700195,39.766666,0.000000,r,62,63,64,64,65,65,67,75,76,99,106,110,118,121,137,195,338,374,437,439,439,479,85.375105,203705.000000,2386,w,8,9,9,9,9,10,10,10,10,10,10,11,16,174,635,1773,3219,4651,5766,6777,6986,7039,129.043463,31982390.000000,247842,s,2147483647,0,0,0,0,0,0,0,0,0,0,0,0,0,0,0,0,0,0,0,0,-2147483648,0,0.000000,0,c,0,0,0,0,0,0,0,0,0,0,0,0,0,0,0,0,0,0,0,3,5,304,0.001382,1240834.000000,898177947
2024-09-11-07-45-46,4,660,59.999939,/blk/mp0,745,uniform-shuffle,"",30000.000000,4166.666504,60,1,0.990000,16.066683,0.150000,4115.487305,39.666706,0.000000,r,61,63,64,64,65,66,72,75,76,97,106,110,118,121,135,184,364,400,433,1322,1322,1328,86.181092,205111.000000,2380,w,8,9,9,9,9,10,10,10,10,10,10,11,18,267,832,1735,3162,4289,9411,12489,12794,12938,144.355244,35645496.000000,246929,s,2147483647,0,0,0,0,0,0,0,0,0,0,0,0,0,0,0,0,0,0,0,0,-2147483648,0,0.000000,0,c,0,0,0,0,0,0,0,0,0,0,0,0,0,0,0,0,0,0,0,3,5,289,0.001397,1253315.000000,897423224
2024-09-11-07-45-46,4,720,60.000000,/blk/mp0,745,uniform-shuffle,"",30000.000000,4166.666504,60,1,0.990000,16.083334,0.150000,4120.899902,42.033333,0.000000,r,62,63,64,64,65,66,74,76,76,85,106,110,118,125,149,200,353,406,443,457,457,469,86.675258,218595.000000,2522,w,9,9,9,9,9,10,10,10,10,10,10,11,17,325,1179,2757,4799,5734,7822,8668,9234,9325,190.930937,47208438.000000,247254,s,2147483647,0,0,0,0,0,0,0,0,0,0,0,0,0,0,0,0,0,0,0,0,-2147483648,0,0.000000,0,c,0,0,0,0,0,0,0,0,0,0,0,0,0,0,0,0,0,0,0,3,5,295,0.001377,1237330.000000,898422923
2024-09-11-07-45-46,4,780,60.000000,/blk/mp0,745,uniform-shuffle,"",30000.000000,4166.666504,60,1,0.990000,16.133333,0.150000,4133.933105,40.533333,0.000000,r,61,63,64,64,65,66,74,76,76,80,106,109,118,120,127,162,254,335,416,438,438,448,83.476151,203014.000000,2432,w,8,9,9,9,9,10,10,10,10,10,10,11,15,171,671,1939,3497,4851,6890,8419,8639,8663,140.897063,34947544.000000,248036,s,2147483647,0,0,0,0,0,0,0,0,0,0,0,0,0,0,0,0,0,0,0,0,-2147483648,0,0.000000,0,c,0,0,0,0,0,0,0,0,0,0,0,0,0,0,0,0,0,0,0,3,5,288,0.001393,1245954.000000,894237090
2024-09-11-07-45-46,4,840,60.000061,/blk/mp0,745,uniform-shuffle,"",30000.000000,4166.666504,60,1,0.990000,16.083317,0.166666,4118.812500,43.316624,0.000000,r,61,63,64,64,65,66,73,76,77,104,107,111,118,121,138,173,280,351,426,456,456,495,84.806464,220412.000000,2599,w,8,9,9,9,9,10,10,10,10,10,10,11,16,197,672,1649,2711,3340,4638,5201,5573,5621,116.045430,28678191.000000,247129,s,2147483647,0,0,0,0,0,0,0,0,0,0,0,0,0,0,0,0,0,0,0,0,-2147483648,0,0.000000,0,c,0,0,0,0,0,0,0,0,0,0,0,0,0,0,0,0,0,0,0,3,5,290,0.001382,1234972.000000,893470536
2024-09-11-07-45-46,4,900,60.000000,/blk/mp0,745,uniform-shuffle,"",30000.000000,4166.666504,60,1,0.990000,16.100000,0.150000,4123.266602,41.716667,0.000000,r,61,63,64,64,65,65,70,75,76,80,105,108,118,120,132,196,337,379,486,543,543,559,84.777467,212198.000000,2503,w,8,9,9,9,9,10,10,10,10,10,10,11,17,272,1009,2337,4274,5596,7282,8245,8562,8661,170.232409,42114817.000000,247396,s,2147483647,0,0,0,0,0,0,0,0,0,0,0,0,0,0,0,0,0,0,0,0,-2147483648,0,0.000000,0,c,0,0,0,0,0,0,0,0,0,0,0,0,0,0,0,0,0,0,0,3,5,285,0.001404,1256098.000000,894670408
2024-09-11-07-45-46,4,960,60.000061,/blk/mp0,745,uniform-shuffle,"",30000.000000,4166.666504,60,1,0.990000,16.116650,0.150000,4127.429199,42.016624,0.000000,r,61,63,64,64,65,66,74,76,77,104,107,113,119,123,144,199,344,400,435,471,471,529,86.606505,218335.000000,2521,w,8,9,9,9,9,10,10,10,10,10,10,11,14,111,621,1640,3802,5317,9986,11968,12129,12184,141.374547,35010841.000000,247646,s,2147483647,0,0,0,0,0,0,0,0,0,0,0,0,0,0,0,0,0,0,0,0,-2147483648,0,0.000000,0,c,0,0,0,0,0,0,0,0,0,0,0,0,0,0,0,0,0,0,0,3,5,304,0.001385,1241858.000000,896348469
2024-09-11-08-07-30,4,60,60.000072,/blk/mp0,745,uniform-shuffle,"",20000.000000,2500.000000,60,1,0.990000,9.633322,0.100000,2468.447021,26.299969,0.000000,r,62,63,64,64,64,65,66,75,76,76,77,106,116,118,125,194,427,1501,2155,2201,2201,4662,95.728771,151060.000000,1578,w,8,9,9,9,9,9,9,10,10,10,10,10,11,11,14,233,2474,19262,19998,19998,19998,19998,183.055689,27111829.000000,148107,s,19999,0,0,0,0,0,0,0,0,0,0,0,0,0,0,0,0,0,0,0,0,0,0,0.000000,0,c,0,0,0,0,0,0,0,0,0,0,0,0,0,0,0,0,0,0,0,3,5,43,0.000858,781101.000000,910590608
2024-09-11-08-07-30,4,120,59.999966,/blk/mp0,745,uniform-shuffle,"",20000.000000,2500.000000,60,1,0.990000,9.650005,0.100000,2473.401367,25.733349,0.000000,r,61,63,64,64,64,65,67,75,76,76,77,105,115,119,127,170,287,399,434,436,436,444,81.288860,125510.000000,1544,w,8,9,9,9,9,9,9,10,10,10,10,10,10,11,13,101,665,1197,2808,3930,4170,4229,29.413048,4365014.000000,148404,s,2147483647,0,0,0,0,0,0,0,0,0,0,0,0,0,0,0,0,0,0,0,0,-2147483648,0,0.000000,0,c,0,0,0,0,0,0,0,0,0,0,0,0,0,0,0,0,0,0,0,3,5,325,0.000861,783240.000000,909423962
2024-09-11-08-07-30,4,180,60.000023,/blk/mp0,745,uniform-shuffle,"",20000.000000,2500.000000,60,1,0.990000,9.699996,0.083333,2483.765625,25.149990,0.000000,r,61,63,64,64,64,65,66,75,76,76,77,104,108,117,119,156,290,364,426,863,863,1962,81.141153,122442.000000,1509,w,8,9,9,9,9,9,10,10,10,10,10,10,11,11,14,217,1016,1792,5472,8799,9166,9249,43.249097,6445240.000000,149026,s,2147483647,0,0,0,0,0,0,0,0,0,0,0,0,0,0,0,0,0,0,0,0,-2147483648,0,0.000000,0,c,0,0,0,0,0,0,0,0,0,0,0,0,0,0,0,0,0,0,0,3,5,271,0.000903,818454.000000,906081103
2024-09-11-08-07-30,4,240,60.000000,/blk/mp0,745,uniform-shuffle,"",20000.000000,2500.000000,60,1,0.990000,9.683333,0.083333,2480.616699,25.416666,0.000000,r,62,63,64,64,65,66,66,75,76,76,79,106,116,119,127,176,322,364,441,470,470,2272,83.552131,127417.000000,1525,w,9,9,9,9,9,10,10,10,10,10,10,10,11,11,14,232,977,1786,3884,4452,4595,4720,40.661274,6051902.000000,148837,s,2147483647,0,0,0,0,0,0,0,0,0,0,0,0,0,0,0,0,0,0,0,0,-2147483648,0,0.000000,0,c,0,0,0,0,0,0,0,0,0,0,0,0,0,0,0,0,0,0,0,3,5,295,0.000949,850923.000000,896416319
2024-09-11-08-07-30,4,300,59.999985,/blk/mp0,745,uniform-shuffle,"",20000.000000,2500.000000,60,1,0.990000,9.633336,0.083333,2466.200684,24.533340,0.000000,r,62,63,64,64,65,66,67,75,76,76,77,106,109,117,120,148,209,305,369,407,407,429,79.275136,116693.000000,1472,w,9,9,9,9,9,10,10,10,10,10,10,10,11,11,14,205,896,1496,2235,2593,2706,2821,33.523072,4960476.000000,147972,s,2147483647,0,0,0,0,0,0,0,0,0,0,0,0,0,0,0,0,0,0,0,0,-2147483648,0,0.000000,0,c,0,0,0,0,0,0,0,0,0,0,0,0,0,0,0,0,0,0,0,3,5,285,0.000944,846284.000000,896837644
2024-09-11-08-07-30,4,360,60.000031,/blk/mp0,745,uniform-shuffle,"",20000.000000,2500.000000,60,1,0.990000,9.649995,0.083333,2472.915527,25.549988,0.000000,r,62,63,64,64,65,65,66,75,76,76,77,106,110,118,124,162,216,339,420,422,422,429,79.862361,122429.000000,1533,w,9,9,9,9,9,10,10,10,10,10,10,10,11,11,15,340,1326,2018,3330,4522,4810,4845,44.985368,6674704.000000,148375,s,2147483647,0,0,0,0,0,0,0,0,0,0,0,0,0,0,0,0,0,0,0,0,-2147483648,0,0.000000,0,c,0,0,0,0,0,0,0,0,0,0,0,0,0,0,0,0,0,0,0,3,5,288,0.000947,848921.000000,896680107
2024-09-11-08-07-30,4,420,59.999939,/blk/mp0,745,uniform-shuffle,"",20000.000000,2500.000000,60,1,0.990000,9.633343,0.083333,2469.852539,25.283360,0.000000,r,62,63,64,64,64,65,66,75,76,76,77,104,109,117,119,146,207,325,386,390,390,402,79.140409,120056.000000,1517,w,9,9,9,9,9,10,10,10,10,10,10,10,11,11,13,91,509,893,1477,2176,2558,2599,23.643764,3503793.000000,148191,s,2147483647,0,0,0,0,0,0,0,0,0,0,0,0,0,0,0,0,0,0,0,0,-2147483648,0,0.000000,0,c,0,0,0,0,0,0,0,0,0,0,0,0,0,0,0,0,0,0,0,3,5,300,0.000949,850211.000000,896253574
2024-09-11-08-07-30,4,480,60.000031,/blk/mp0,745,uniform-shuffle,"",20000.000000,2500.000000,60,1,0.990000,9.649995,0.083333,2470.432129,24.766655,0.000000,r,62,63,64,64,65,65,66,75,76,76,77,105,109,117,121,173,301,374,428,439,439,636,80.672275,119879.000000,1486,w,8,9,9,9,9,10,10,10,10,10,10,10,11,11,13,129,569,835,1602,2650,2914,2933,24.792675,3674919.000000,148226,s,2147483647,0,0,0,0,0,0,0,0,0,0,0,0,0,0,0,0,0,0,0,0,-2147483648,0,0.000000,0,c,0,0,0,0,0,0,0,0,0,0,0,0,0,0,0,0,0,0,0,3,5,273,0.000949,850791.000000,896336083
2024-09-11-08-07-30,4,540,59.999969,/blk/mp0,745,uniform-shuffle,"",20000.000000,2500.000000,60,1,0.990000,9.666672,0.083333,2477.984619,25.516680,0.000000,r,61,63,64,64,65,65,66,75,76,76,77,104,109,117,120,145,205,337,410,412,412,423,78.802743,120647.000000,1531,w,9,9,9,9,9,10,10,10,10,10,10,10,11,11,15,211,810,1274,2953,4119,4373,4393,34.336362,5105096.000000,148679,s,2147483647,0,0,0,0,0,0,0,0,0,0,0,0,0,0,0,0,0,0,0,0,-2147483648,0,0.000000,0,c,0,0,0,0,0,0,0,0,0,0,0,0,0,0,0,0,0,0,0,3,5,282,0.000950,851865.000000,897017775
2024-09-11-08-07-30,4,600,60.000061,/blk/mp0,745,uniform-shuffle,"",20000.000000,2500.000000,60,1,0.990000,9.666656,0.083333,2475.197510,23.516644,0.000000,r,62,63,64,64,65,65,66,75,76,76,77,104,108,117,120,171,305,362,436,439,439,439,80.610206,113741.000000,1411,w,9,9,9,9,9,10,10,10,10,10,10,10,11,11,14,140,668,1121,2595,3781,4058,4215,29.703317,4411299.000000,148512,s,2147483647,0,0,0,0,0,0,0,0,0,0,0,0,0,0,0,0,0,0,0,0,-2147483648,0,0.000000,0,c,0,0,0,0,0,0,0,0,0,0,0,0,0,0,0,0,0,0,0,3,5,278,0.000950,851610.000000,896740570
2024-09-11-08-07-30,4,660,60.000000,/blk/mp0,745,uniform-shuffle,"",20000.000000,2500.000000,60,1,0.990000,9.650000,0.083333,2472.616699,24.566668,0.000000,r,62,63,64,64,64,65,66,75,76,76,77,104,109,117,120,159,269,341,432,440,440,450,79.579376,117300.000000,1474,w,9,9,9,9,9,10,10,10,10,10,10,10,11,11,14,216,1009,1629,7665,9404,9792,9845,50.431109,7481808.000000,148357,s,2147483647,0,0,0,0,0,0,0,0,0,0,0,0,0,0,0,0,0,0,0,0,-2147483648,0,0.000000,0,c,0,0,0,0,0,0,0,0,0,0,0,0,0,0,0,0,0,0,0,3,5,287,0.000950,852022.000000,896661355
2024-09-11-08-07-30,4,720,60.000000,/blk/mp0,745,uniform-shuffle,"",20000.000000,2500.000000,60,1,0.990000,9.650000,0.100000,2472.833252,25.700001,0.000000,r,62,63,64,64,64,65,66,75,76,76,78,106,109,118,124,164,279,370,427,444,444,483,80.845006,124663.000000,1542,w,9,9,9,9,9,10,10,10,10,10,10,10,11,11,13,78,433,678,1203,1565,1730,1786,20.855395,3094315.000000,148370,s,2147483647,0,0,0,0,0,0,0,0,0,0,0,0,0,0,0,0,0,0,0,0,-2147483648,0,0.000000,0,c,0,0,0,0,0,0,0,0,0,0,0,0,0,0,0,0,0,0,0,3,5,287,0.000949,850730.000000,896515465
2024-09-11-08-07-30,4,780,59.999939,/blk/mp0,745,uniform-shuffle,"",20000.000000,2500.000000,60,1,0.990000,9.666677,0.083333,2474.835938,25.100025,0.000000,r,62,63,64,64,65,65,66,75,76,76,77,105,109,116,119,142,274,348,411,418,418,437,79.614874,119900.000000,1506,w,8,9,9,9,9,10,10,10,10,10,10,10,11,11,14,147,727,1326,2688,3878,4031,4044,31.879063,4733722.000000,148490,s,2147483647,0,0,0,0,0,0,0,0,0,0,0,0,0,0,0,0,0,0,0,0,-2147483648,0,0.000000,0,c,0,0,0,0,0,0,0,0,0,0,0,0,0,0,0,0,0,0,0,3,5,275,0.000948,850130.000000,896695875
2024-09-11-08-07-30,4,840,60.000061,/blk/mp0,745,uniform-shuffle,"",20000.000000,2500.000000,60,1,0.990000,9.666656,0.083333,2478.647461,24.483309,0.000000,r,62,63,64,64,65,65,66,75,76,76,77,105,109,117,122,171,298,360,427,427,427,603,80.762423,118640.000000,1469,w,9,9,9,9,9,10,10,10,10,10,10,10,11,11,12,57,406,646,1458,2088,2295,2590,20.671441,3074236.000000,148719,s,2147483647,0,0,0,0,0,0,0,0,0,0,0,0,0,0,0,0,0,0,0,0,-2147483648,0,0.000000,0,c,0,0,0,0,0,0,0,0,0,0,0,0,0,0,0,0,0,0,0,3,5,284,0.000950,851655.000000,896536708
2024-09-11-08-07-30,4,900,60.000000,/blk/mp0,745,uniform-shuffle,"",20000.000000,2500.000000,60,1,0.990000,9.616667,0.083333,2464.116699,24.483334,0.000000,r,62,63,64,64,65,65,66,75,76,76,77,104,109,117,122,158,307,352,424,431,431,496,80.249149,117886.000000,1469,w,9,9,9,9,9,10,10,10,10,10,10,10,11,11,14,203,770,1177,1795,2239,2328,2360,29.844109,4412362.000000,147847,s,2147483647,0,0,0,0,0,0,0,0,0,0,0,0,0,0,0,0,0,0,0,0,-2147483648,0,0.000000,0,c,0,0,0,0,0,0,0,0,0,0,0,0,0,0,0,0,0,0,0,3,5,286,0.000946,848204.000000,896738646
2024-09-11-08-07-30,4,960,59.999939,/blk/mp0,745,uniform-shuffle,"",20000.000000,2500.000000,60,1,0.990000,9.683343,0.083333,2481.269287,24.116692,0.000000,r,62,63,64,64,65,66,66,75,76,77,78,106,109,117,120,140,201,264,367,374,374,395,78.990325,114299.000000,1447,w,8,9,9,9,9,10,10,10,10,10,10,10,11,11,16,326,1279,1996,4096,4913,5136,5215,47.075439,7008403.000000,148876,s,2147483647,0,0,0,0,0,0,0,0,0,0,0,0,0,0,0,0,0,0,0,0,-2147483648,0,0.000000,0,c,0,0,0,0,0,0,0,0,0,0,0,0,0,0,0,0,0,0,0,3,5,278,0.000952,853387.000000,896558582
2024-09-11-08-29-15,4,60,60.000088,/blk/mp0,745,uniform-shuffle,"",10000.000000,833.333313,60,1,0.990000,3.199995,0.016667,822.482117,7.733322,0.000000,r,61,63,64,64,64,65,66,67,75,76,76,76,77,105,108,118,135,151,174,174,174,424,72.913793,33832.000000,464,w,8,9,9,9,9,10,10,10,10,10,10,10,10,11,11,12,20,3161,19998,19998,19998,19998,91.290482,4505094.000000,49349,s,19999,0,0,0,0,0,0,0,0,0,0,0,0,0,0,0,0,0,0,0,0,0,0,0.000000,0,c,0,0,0,0,0,0,0,0,0,0,0,0,0,0,0,0,0,0,0,3,5,46,0.000455,424375.000000,932052313
2024-09-11-08-29-15,4,120,60.000046,/blk/mp0,745,uniform-shuffle,"",10000.000000,833.333313,60,1,0.990000,3.199998,0.033333,820.049377,8.866660,0.000000,r,62,63,64,64,64,65,66,75,76,76,76,76,84,106,109,119,134,178,245,245,245,289,73.983083,39359.000000,532,w,8,9,9,9,9,9,10,10,10,10,10,10,10,11,11,12,17,21,310,544,684,984,10.578054,520472.000000,49203,s,2147483647,0,0,0,0,0,0,0,0,0,0,0,0,0,0,0,0,0,0,0,0,-2147483648,0,0.000000,0,c,0,0,0,0,0,0,0,0,0,0,0,0,0,0,0,0,0,0,0,3,5,310,0.000454,422818.000000,931655727
2024-09-11-08-29-15,4,180,59.999939,/blk/mp0,745,uniform-shuffle,"",10000.000000,833.333313,60,1,0.990000,3.200003,0.016667,821.367493,8.300009,0.000000,r,62,63,64,64,64,65,66,67,75,76,76,76,77,90,107,117,120,128,151,151,151,289,72.008032,35860.000000,498,w,9,9,9,9,9,10,10,10,10,10,10,10,10,11,11,12,17,21,285,577,715,739,10.590297,521911.000000,49282,s,2147483647,0,0,0,0,0,0,0,0,0,0,0,0,0,0,0,0,0,0,0,0,-2147483648,0,0.000000,0,c,0,0,0,0,0,0,0,0,0,0,0,0,0,0,0,0,0,0,0,2,4,262,0.000448,416601.000000,930454310
2024-09-11-08-29-15,4,240,60.000015,/blk/mp0,745,uniform-shuffle,"",10000.000000,833.333313,60,1,0.990000,3.216666,0.033333,826.399780,8.866665,0.000000,r,62,63,64,64,65,65,66,68,76,76,77,77,98,107,113,120,143,200,209,209,209,238,74.000000,39368.000000,532,w,9,9,10,10,10,10,10,10,10,10,10,10,11,11,11,12,17,21,224,815,1097,1172,10.757442,533397.000000,49584,s,2147483647,0,0,0,0,0,0,0,0,0,0,0,0,0,0,0,0,0,0,0,0,-2147483648,0,0.000000,0,c,0,0,0,0,0,0,0,0,0,0,0,0,0,0,0,0,0,0,0,3,5,263,0.000489,451568.000000,923476323
2024-09-11-08-29-15,4,300,60.000076,/blk/mp0,745,uniform-shuffle,"",10000.000000,833.333313,60,1,0.990000,3.216663,0.016667,826.148926,7.683323,0.000000,r,62,63,64,64,65,65,66,75,76,76,77,77,79,105,107,119,218,265,305,305,305,401,74.997831,34574.000000,461,w,9,9,10,10,10,10,10,10,10,10,10,11,11,11,11,12,18,21,358,1611,1696,1980,11.305372,560396.000000,49569,s,2147483647,0,0,0,0,0,0,0,0,0,0,0,0,0,0,0,0,0,0,0,0,-2147483648,0,0.000000,0,c,0,0,0,0,0,0,0,0,0,0,0,0,0,0,0,0,0,0,0,3,5,271,0.000489,451018.000000,922831470
2024-09-11-08-29-15,4,360,59.999969,/blk/mp0,745,uniform-shuffle,"",10000.000000,833.333313,60,1,0.990000,3.200002,0.016667,822.367065,8.216671,0.000000,r,62,63,64,64,65,66,66,68,75,76,76,77,77,79,107,118,139,168,329,329,329,380,73.227181,36101.000000,493,w,9,9,10,10,10,10,10,10,10,10,10,11,11,11,11,12,17,21,265,1578,2288,2336,11.057010,545575.000000,49342,s,2147483647,0,0,0,0,0,0,0,0,0,0,0,0,0,0,0,0,0,0,0,0,-2147483648,0,0.000000,0,c,0,0,0,0,0,0,0,0,0,0,0,0,0,0,0,0,0,0,0,3,5,273,0.000494,456371.000000,923605253
2024-09-11-08-29-15,4,420,60.000000,/blk/mp0,745,uniform-shuffle,"",10000.000000,833.333313,60,1,0.990000,3.216667,0.016667,825.383362,8.283334,0.000000,r,62,63,64,64,65,65,66,75,76,76,77,77,82,106,109,118,138,159,227,227,227,380,73.929577,36743.000000,497,w,9,9,10,10,10,10,10,10,10,10,10,11,11,11,11,12,17,21,252,751,930,949,10.767522,533240.000000,49523,s,2147483647,0,0,0,0,0,0,0,0,0,0,0,0,0,0,0,0,0,0,0,0,-2147483648,0,0.000000,0,c,0,0,0,0,0,0,0,0,0,0,0,0,0,0,0,0,0,0,0,3,5,273,0.000501,462080.000000,922810708
2024-09-11-08-29-15,4,480,60.000000,/blk/mp0,745,uniform-shuffle,"",10000.000000,833.333313,60,1,0.990000,3.233333,0.016667,828.716675,7.783333,0.000000,r,62,63,64,64,65,66,66,74,76,76,77,77,81,106,116,127,234,381,439,439,439,440,76.672377,35806.000000,467,w,9,9,10,10,10,10,10,10,10,10,10,11,11,11,11,12,17,20,165,531,673,744,10.611729,527647.000000,49723,s,2147483647,0,0,0,0,0,0,0,0,0,0,0,0,0,0,0,0,0,0,0,0,-2147483648,0,0.000000,0,c,0,0,0,0,0,0,0,0,0,0,0,0,0,0,0,0,0,0,0,3,5,333,0.000508,461260.000000,908356200
2024-09-11-08-29-15,4,540,59.999969,/blk/mp0,745,uniform-shuffle,"",10000.000000,833.333313,60,1,0.990000,3.200002,0.016667,821.383728,8.300004,0.000000,r,62,63,64,64,65,66,66,69,76,76,77,77,104,107,109,119,170,315,362,362,362,431,75.781124,37739.000000,498,w,9,9,10,10,10,10,10,10,10,10,10,11,11,11,11,12,17,20,157,616,655,656,10.567620,520804.000000,49283,s,2147483647,0,0,0,0,0,0,0,0,0,0,0,0,0,0,0,0,0,0,0,0,-2147483648,0,0.000000,0,c,0,0,0,0,0,0,0,0,0,0,0,0,0,0,0,0,0,0,0,3,5,276,0.000502,456394.000000,909526539
2024-09-11-08-29-15,4,600,60.000000,/blk/mp0,745,uniform-shuffle,"",10000.000000,833.333313,60,1,0.990000,3.216667,0.033333,827.333313,8.766666,0.000000,r,62,63,64,64,65,66,66,75,76,76,77,78,106,108,118,131,170,326,393,393,393,1134,77.961977,41008.000000,526,w,9,9,10,10,10,10,10,10,10,10,10,11,11,11,11,12,17,20,182,552,780,876,10.616197,526988.000000,49640,s,2147483647,0,0,0,0,0,0,0,0,0,0,0,0,0,0,0,0,0,0,0,0,-2147483648,0,0.000000,0,c,0,0,0,0,0,0,0,0,0,0,0,0,0,0,0,0,0,0,0,3,5,263,0.000503,457852.000000,910441051
2024-09-11-08-29-15,4,660,60.000061,/blk/mp0,745,uniform-shuffle,"",10000.000000,833.333313,60,1,0.990000,3.233330,0.016667,829.665833,8.499991,0.000000,r,62,63,64,64,65,65,66,75,76,76,77,77,107,109,118,143,230,274,420,420,420,849,78.037255,39799.000000,510,w,9,9,10,10,10,10,10,10,10,10,10,11,11,11,11,12,17,21,293,903,1305,1313,11.010767,548116.000000,49780,s,2147483647,0,0,0,0,0,0,0,0,0,0,0,0,0,0,0,0,0,0,0,0,-2147483648,0,0.000000,0,c,0,0,0,0,0,0,0,0,0,0,0,0,0,0,0,0,0,0,0,3,5,268,0.000507,461677.000000,910773581
2024-09-11-08-29-15,4,720,59.999939,/blk/mp0,745,uniform-shuffle,"",10000.000000,833.333313,60,1,0.990000,3.200003,0.016667,822.384155,8.483342,0.000000,r,62,63,64,64,65,66,66,67,76,76,77,77,99,107,110,120,150,205,380,380,380,391,74.611002,37977.000000,509,w,9,9,10,10,10,10,10,10,10,10,10,11,11,11,11,12,17,19,116,617,706,722,10.469084,516576.000000,49343,s,2147483647,0,0,0,0,0,0,0,0,0,0,0,0,0,0,0,0,0,0,0,0,-2147483648,0,0.000000,0,c,0,0,0,0,0,0,0,0,0,0,0,0,0,0,0,0,0,0,0,3,5,264,0.000511,464681.000000,909396902
2024-09-11-08-29-15,4,780,60.000000,/blk/mp0,745,uniform-shuffle,"",10000.000000,833.333313,60,1,0.990000,3.233333,0.033333,828.216675,8.783334,0.000000,r,62,63,64,64,65,66,66,75,76,76,77,77,78,105,108,122,175,200,323,323,323,370,74.850095,39446.000000,527,w,9,9,10,10,10,10,10,10,10,10,10,11,11,11,11,12,17,20,206,624,798,857,10.698851,531658.000000,49693,s,2147483647,0,0,0,0,0,0,0,0,0,0,0,0,0,0,0,0,0,0,0,0,-2147483648,0,0.000000,0,c,0,0,0,0,0,0,0,0,0,0,0,0,0,0,0,0,0,0,0,3,5,267,0.000501,455950.000000,910728344
2024-09-11-08-29-15,4,840,60.000000,/blk/mp0,745,uniform-shuffle,"",10000.000000,833.333313,60,1,0.990000,3.216667,0.033333,827.299988,8.650000,0.000000,r,62,63,64,64,65,65,66,67,76,76,77,77,85,105,110,118,139,168,352,352,352,380,74.098266,38457.000000,519,w,9,9,10,10,10,10,10,10,10,10,10,11,11,11,11,12,17,20,146,561,703,769,10.542286,523298.000000,49638,s,2147483647,0,0,0,0,0,0,0,0,0,0,0,0,0,0,0,0,0,0,0,0,-2147483648,0,0.000000,0,c,0,0,0,0,0,0,0,0,0,0,0,0,0,0,0,0,0,0,0,3,5,262,0.000501,455507.000000,908488715
2024-09-11-08-29-15,4,900,60.000000,/blk/mp0,745,uniform-shuffle,"",10000.000000,833.333313,60,1,0.990000,3.200000,0.033333,823.383362,8.733334,0.000000,r,62,63,64,65,65,66,66,75,76,76,77,77,79,107,110,119,146,380,407,407,407,434,75.793893,39716.000000,524,w,9,9,10,10,10,10,10,10,10,10,10,11,11,11,11,12,18,21,241,672,866,957,10.835091,535286.000000,49403,s,2147483647,0,0,0,0,0,0,0,0,0,0,0,0,0,0,0,0,0,0,0,0,-2147483648,0,0.000000,0,c,0,0,0,0,0,0,0,0,0,0,0,0,0,0,0,0,0,0,0,3,5,281,0.000500,455042.000000,910169437
2024-09-11-08-29-15,4,960,60.000000,/blk/mp0,745,uniform-shuffle,"",10000.000000,833.333313,60,1,0.990000,3.200000,0.033333,821.633362,8.766666,0.000000,r,62,63,64,65,65,66,66,70,76,76,76,77,78,90,109,120,148,213,336,336,336,713,74.608365,39244.000000,526,w,9,9,10,10,10,10,10,10,10,10,10,11,11,11,11,12,17,21,265,1064,1228,1249,10.901903,537442.000000,49298,s,2147483647,0,0,0,0,0,0,0,0,0,0,0,0,0,0,0,0,0,0,0,0,-2147483648,0,0.000000,0,c,0,0,0,0,0,0,0,0,0,0,0,0,0,0,0,0,0,0,0,3,5,266,0.000506,459348.000000,908661040
2024-09-11-08-51-00,4,60,60.000107,/blk/mp0,745,uniform-shuffle,"",200001.000000,32500.166016,60,1,0.990000,72.033203,0.716665,18441.033203,184.783005,0.000000,r,87,205,225,232,240,255,269,285,305,318,336,358,398,429,478,552,630,680,808,1606,1743,2136,290.303328,3218593.000000,11087,w,9,3315,3345,3356,3365,3381,3396,3411,3428,3439,3451,3468,3496,3528,3941,4959,5040,5081,5151,5254,5335,6285,3466.690299,3835768015.000000,1106464,s,19999,0,0,0,0,0,0,0,0,0,0,0,0,0,0,0,0,0,0,0,0,0,0,0.000000,0,c,0,0,0,0,0,0,0,0,0,0,0,0,0,0,0,0,0,0,2,2,6,36,0.005248,4503337.000000,858133378
2024-09-11-08-51-00,4,120,60.000000,/blk/mp0,745,uniform-shuffle,"",200001.000000,32500.166016,60,1,0.990000,72.933334,0.733333,18673.900391,188.816666,0.000000,r,109,206,227,233,241,255,269,284,304,316,331,351,386,416,469,549,621,681,855,1543,1721,1951,288.754877,3271304.000000,11329,w,3155,3366,3383,3390,3397,3408,3420,3432,3445,3453,3462,3473,3486,3496,3509,3528,3553,3571,3612,3654,3695,6228,3423.644772,3835968007.000000,1120434,s,2147483647,0,0,0,0,0,0,0,0,0,0,0,0,0,0,0,0,0,0,0,0,-2147483648,0,0.000000,0,c,0,0,0,0,0,0,0,0,0,0,0,0,0,0,0,0,0,0,2,2,6,328,0.005357,4588924.000000,856542836
2024-09-11-08-51-00,4,180,60.000038,/blk/mp0,745,uniform-shuffle,"",200001.000000,32500.166016,60,1,0.990000,72.933289,0.733333,18674.304688,190.566544,0.000000,r,98,207,227,233,241,255,269,284,304,316,331,350,384,416,470,549,626,668,798,1440,1455,1817,288.545653,3299231.000000,11434,w,3162,3364,3383,3390,3396,3409,3420,3433,3446,3454,3463,3474,3487,3497,3509,3529,3553,3569,3606,3653,3700,6225,3423.539084,3835935178.000000,1120459,s,2147483647,0,0,0,0,0,0,0,0,0,0,0,0,0,0,0,0,0,0,0,0,-2147483648,0,0.000000,0,c,0,0,0,0,0,0,0,0,0,0,0,0,0,0,0,0,0,0,2,2,6,316,0.005425,4643766.000000,856013417
2024-09-11-08-51-00,4,240,59.999954,/blk/mp0,745,uniform-shuffle,"",200001.000000,32500.166016,60,1,0.990000,73.166725,0.733334,18732.080078,191.100143,0.000000,r,109,206,226,233,241,255,268,284,305,317,333,354,388,421,472,550,631,680,931,1627,1697,1722,289.449328,3318826.000000,11466,w,3244,3355,3373,3380,3386,3398,3409,3421,3435,3443,3452,3462,3476,3485,3497,3518,3541,3558,3594,3632,3675,6130,3412.965449,3835913779.000000,1123924,s,2147483647,0,0,0,0,0,0,0,0,0,0,0,0,0,0,0,0,0,0,0,0,-2147483648,0,0.000000,0,c,0,0,0,0,0,0,0,0,0,0,0,0,0,0,0,0,0,0,2,2,6,319,0.005623,4779379.000000,850032941
2024-09-11-08-51-00,4,300,60.000015,/blk/mp0,745,uniform-shuffle,"",200001.000000,32500.166016,60,1,0.990000,73.216644,0.733333,18744.412109,188.966614,0.000000,r,114,205,225,231,240,254,267,283,302,315,329,348,384,418,467,542,608,650,747,1552,1631,1640,286.494267,3248272.000000,11338,w,3219,3351,3370,3377,3384,3396,3407,3420,3433,3441,3450,3461,3475,3484,3496,3516,3540,3557,3591,3645,3708,4966,3410.777850,3835982471.000000,1124665,s,2147483647,0,0,0,0,0,0,0,0,0,0,0,0,0,0,0,0,0,0,0,0,-2147483648,0,0.000000,0,c,0,0,0,0,0,0,0,0,0,0,0,0,0,0,0,0,0,0,2,2,6,327,0.005651,4789876.000000,847551672
2024-09-11-08-51-00,4,360,60.000031,/blk/mp0,745,uniform-shuffle,"",200001.000000,32500.166016,60,1,0.990000,73.083298,0.716666,18712.656250,187.049911,0.000000,r,112,205,225,232,240,254,268,283,303,314,328,348,383,416,469,543,620,667,750,1778,1890,2040,286.907690,3219965.000000,11223,w,3233,3359,3377,3383,3390,3401,3413,3425,3438,3446,3455,3466,3479,3488,3500,3520,3544,3561,3594,3632,3659,3675,3416.591896,3836012717.000000,1122760,s,2147483647,0,0,0,0,0,0,0,0,0,0,0,0,0,0,0,0,0,0,0,0,-2147483648,0,0.000000,0,c,0,0,0,0,0,0,0,0,0,0,0,0,0,0,0,0,0,0,2,2,6,333,0.005640,4783346.000000,848038585
2024-09-11-08-51-00,4,420,60.000031,/blk/mp0,745,uniform-shuffle,"",200001.000000,32500.166016,60,1,0.990000,73.183296,0.733333,18735.791016,190.066574,0.000000,r,97,206,226,232,240,255,268,283,303,315,330,349,383,411,464,547,622,674,806,1549,1679,1742,287.483690,3278464.000000,11404,w,3203,3353,3372,3379,3385,3397,3409,3421,3435,3442,3451,3462,3476,3485,3498,3518,3542,3560,3597,3647,3683,6495,3412.318722,3835951267.000000,1124148,s,2147483647,0,0,0,0,0,0,0,0,0,0,0,0,0,0,0,0,0,0,0,0,-2147483648,0,0.000000,0,c,0,0,0,0,0,0,0,0,0,0,0,0,0,0,0,0,0,0,2,2,6,321,0.005646,4788850.000000,848131872
2024-09-11-08-51-00,4,480,60.000122,/blk/mp0,745,uniform-shuffle,"",200001.000000,32500.166016,60,1,0.990000,73.299850,0.733332,18766.279297,190.549606,0.000000,r,94,206,225,232,240,254,267,282,301,312,326,347,379,408,464,539,617,661,759,1278,1343,1883,285.711887,3266544.000000,11433,w,3070,3348,3366,3373,3380,3392,3403,3415,3429,3437,3446,3456,3470,3479,3491,3510,3535,3552,3587,3628,3667,5314,3406.789350,3835973266.000000,1125979,s,2147483647,0,0,0,0,0,0,0,0,0,0,0,0,0,0,0,0,0,0,0,0,-2147483648,0,0.000000,0,c,0,0,0,0,0,0,0,0,0,0,0,0,0,0,0,0,0,0,2,2,6,319,0.005653,4793484.000000,847925014
2024-09-11-08-51-00,4,540,59.999847,/blk/mp0,745,uniform-shuffle,"",200001.000000,32500.166016,60,1,0.990000,73.150185,0.733335,18728.498047,188.017151,0.000000,r,95,205,225,231,239,253,267,282,300,312,328,347,385,417,466,540,620,671,775,1622,1680,1787,286.170020,3228284.000000,11281,w,3109,3356,3373,3380,3387,3399,3410,3422,3436,3443,3452,3462,3476,3485,3498,3517,3540,3556,3590,3645,3673,6444,3413.693711,3835991519.000000,1123707,s,2147483647,0,0,0,0,0,0,0,0,0,0,0,0,0,0,0,0,0,0,0,0,-2147483648,0,0.000000,0,c,0,0,0,0,0,0,0,0,0,0,0,0,0,0,0,0,0,0,2,2,6,319,0.005637,4781944.000000,848384331
2024-09-11-08-51-00,4,600,60.000000,/blk/mp0,745,uniform-shuffle,"",200001.000000,32500.166016,60,1,0.990000,73.199997,0.733333,18742.800781,188.616669,0.000000,r,110,206,226,232,240,255,268,283,303,315,329,348,384,415,463,545,622,670,827,1575,1608,1651,287.333304,3251751.000000,11317,w,3094,3350,3369,3377,3383,3396,3408,3420,3434,3442,3451,3462,3476,3486,3498,3518,3542,3560,3598,3647,3699,5693,3411.064633,3835974132.000000,1124568,s,2147483647,0,0,0,0,0,0,0,0,0,0,0,0,0,0,0,0,0,0,0,0,-2147483648,0,0.000000,0,c,0,0,0,0,0,0,0,0,0,0,0,0,0,0,0,0,0,0,2,2,6,311,0.005639,4783865.000000,848293374
2024-09-11-08-51-00,4,660,59.999939,/blk/mp0,745,uniform-shuffle,"",200001.000000,32500.166016,60,1,0.990000,73.216743,0.733334,18744.384766,191.216858,0.000000,r,109,205,225,232,240,254,268,283,304,314,330,351,385,415,471,550,627,676,877,1633,1787,1818,287.709405,3300890.000000,11473,w,3210,3347,3367,3376,3383,3396,3408,3421,3435,3443,3453,3464,3478,3487,3500,3521,3545,3563,3600,3646,3674,5677,3410.741853,3835931754.000000,1124662,s,2147483647,0,0,0,0,0,0,0,0,0,0,0,0,0,0,0,0,0,0,0,0,-2147483648,0,0.000000,0,c,0,0,0,0,0,0,0,0,0,0,0,0,0,0,0,0,0,0,2,2,6,323,0.005641,4785027.000000,848324091
2024-09-11-08-51-00,4,720,60.000061,/blk/mp0,745,uniform-shuffle,"",200001.000000,32500.166016,60,1,0.990000,73.349922,0.733333,18780.781250,190.566467,0.000000,r,83,205,225,231,239,254,267,282,301,313,328,348,386,419,475,550,619,680,930,1588,1608,1883,287.316775,3285180.000000,11434,w,3236,3345,3363,3370,3377,3389,3401,3413,3427,3435,3444,3454,3469,3478,3490,3509,3533,3551,3588,3634,3694,5805,3404.131455,3835938722.000000,1126848,s,2147483647,0,0,0,0,0,0,0,0,0,0,0,0,0,0,0,0,0,0,0,0,-2147483648,0,0.000000,0,c,0,0,0,0,0,0,0,0,0,0,0,0,0,0,0,0,0,0,2,2,6,322,0.005662,4797866.000000,847368601
2024-09-11-08-51-00,4,780,59.999939,/blk/mp0,745,uniform-shuffle,"",200001.000000,32500.166016,60,1,0.990000,73.233406,0.716667,18748.085938,187.350189,0.000000,r,74,206,226,232,240,255,268,283,302,313,328,348,385,416,475,549,629,671,808,1784,1864,4130,288.118851,3238744.000000,11241,w,3181,3344,3367,3375,3382,3395,3408,3421,3435,3444,3453,3464,3478,3487,3500,3520,3545,3563,3601,3650,3677,4529,3410.114267,3835982977.000000,1124884,s,2147483647,0,0,0,0,0,0,0,0,0,0,0,0,0,0,0,0,0,0,0,0,-2147483648,0,0.000000,0,c,0,0,0,0,0,0,0,0,0,0,0,0,0,0,0,0,0,0,2,2,6,332,0.005645,4786677.000000,847881025
2024-09-11-08-51-00,4,840,60.000061,/blk/mp0,745,uniform-shuffle,"",200001.000000,32500.166016,60,1,0.990000,72.866592,0.716666,18656.880859,187.349808,0.000000,r,82,206,226,233,241,255,269,285,304,316,331,352,386,418,467,541,610,661,767,1193,1391,1406,287.846455,3235682.000000,11241,w,3238,3360,3382,3390,3398,3411,3424,3438,3453,3461,3470,3482,3496,3506,3519,3538,3562,3578,3610,3655,3713,6220,3426.785780,3835991977.000000,1119414,s,2147483647,0,0,0,0,0,0,0,0,0,0,0,0,0,0,0,0,0,0,0,0,-2147483648,0,0.000000,0,c,0,0,0,0,0,0,0,0,0,0,0,0,0,0,0,0,0,0,2,2,6,325,0.005620,4766423.000000,848045332
2024-09-11-08-51-00,4,900,60.000000,/blk/mp0,745,uniform-shuffle,"",200001.000000,32500.166016,60,1,0.990000,73.033333,0.733333,18698.716797,188.850006,0.000000,r,97,207,228,233,241,255,269,285,304,317,331,353,389,422,477,551,628,694,885,1661,1819,1912,289.812550,3283866.000000,11331,w,3200,3350,3371,3380,3388,3403,3417,3431,3446,3455,3465,3477,3492,3501,3514,3534,3559,3576,3614,3673,3700,4338,3419.082341,3835947117.000000,1121923,s,2147483647,0,0,0,0,0,0,0,0,0,0,0,0,0,0,0,0,0,0,0,0,-2147483648,0,0.000000,0,c,0,0,0,0,0,0,0,0,0,0,0,0,0,0,0,0,0,0,2,2,6,327,0.005634,4776928.000000,847839145
2024-09-11-08-51-00,4,960,60.000000,/blk/mp0,745,uniform-shuffle,"",200001.000000,32500.166016,60,1,0.990000,72.900002,0.716667,18664.416016,187.183334,0.000000,r,98,207,227,233,241,255,268,284,303,315,331,350,387,422,475,554,632,671,819,1456,1585,1818,288.991986,3245669.000000,11231,w,3218,3360,3381,3389,3397,3410,3423,3436,3451,3459,3469,3480,3494,3503,3516,3536,3560,3578,3614,3661,3726,6044,3425.395038,3835980014.000000,1119865,s,2147483647,0,0,0,0,0,0,0,0,0,0,0,0,0,0,0,0,0,0,0,0,-2147483648,0,0.000000,0,c,0,0,0,0,0,0,0,0,0,0,0,0,0,0,0,0,0,0,2,2,6,323,0.005622,4768603.000000,848253083
2024-09-11-09-12-45,4,60,59.999969,/blk/mp0,745,uniform-shuffle,"",150001.000000,24166.833984,60,1,0.990000,72.283371,0.716667,18504.693359,184.716766,0.000000,r,93,207,228,234,242,256,269,284,302,314,328,348,380,410,469,544,617,662,764,1563,1683,1778,287.466300,3185989.000000,11083,w,8,3396,3414,3421,3427,3440,3451,3464,3478,3486,3495,3506,3520,3529,3542,3562,3586,3602,3637,3697,3762,5580,3454.253051,3835191532.000000,1110281,s,19999,0,0,0,0,0,0,0,0,0,0,0,0,0,0,0,0,0,0,0,0,0,0,0.000000,0,c,0,0,0,0,0,0,0,0,0,0,0,0,0,0,0,0,0,0,2,2,5,58,0.004922,4233829.000000,860114830
2024-09-11-09-12-45,4,120,59.999954,/blk/mp0,745,uniform-shuffle,"",150001.000000,24166.833984,60,1,0.990000,72.483391,0.733334,18558.263672,187.900146,0.000000,r,112,207,227,233,242,256,269,285,305,316,330,349,384,415,468,547,617,674,794,1549,1697,1875,288.501419,3252565.000000,11274,w,3233,3382,3401,3409,3416,3429,3442,3455,3469,3478,3487,3498,3512,3522,3535,3555,3580,3597,3636,3687,3739,4649,3444.982160,3835970410.000000,1113495,s,2147483647,0,0,0,0,0,0,0,0,0,0,0,0,0,0,0,0,0,0,0,0,-2147483648,0,0.000000,0,c,0,0,0,0,0,0,0,0,0,0,0,0,0,0,0,0,0,0,2,2,5,335,0.004858,4173560.000000,859090222
2024-09-11-09-12-45,4,180,59.999992,/blk/mp0,745,uniform-shuffle,"",150001.000000,24166.833984,60,1,0.990000,72.483345,0.733333,18556.919922,189.383362,0.000000,r,107,207,227,233,241,255,268,284,303,313,328,349,382,411,466,544,620,673,796,1652,1694,1813,287.551703,3267450.000000,11363,w,3259,3385,3403,3411,3417,3430,3442,3454,3468,3476,3485,3496,3510,3520,3532,3552,3577,3594,3629,3695,3744,6577,3445.223886,3835963953.000000,1113415,s,2147483647,0,0,0,0,0,0,0,0,0,0,0,0,0,0,0,0,0,0,0,0,-2147483648,0,0.000000,0,c,0,0,0,0,0,0,0,0,0,0,0,0,0,0,0,0,0,0,2,2,5,319,0.004899,4208406.000000,859008666
2024-09-11-09-12-45,4,240,60.000031,/blk/mp0,745,uniform-shuffle,"",150001.000000,24166.833984,60,1,0.990000,72.583298,0.716666,18582.990234,185.383240,0.000000,r,83,206,226,233,241,255,268,284,302,313,328,348,380,411,466,541,617,669,756,1449,1806,2001,286.819293,3190291.000000,11123,w,3202,3381,3400,3407,3413,3425,3437,3449,3463,3471,3480,3491,3505,3514,3526,3545,3570,3588,3628,3676,3751,5864,3440.447582,3836030245.000000,1114980,s,2147483647,0,0,0,0,0,0,0,0,0,0,0,0,0,0,0,0,0,0,0,0,-2147483648,0,0.000000,0,c,0,0,0,0,0,0,0,0,0,0,0,0,0,0,0,0,0,0,2,2,6,334,0.005220,4456976.000000,853816510
2024-09-11-09-12-45,4,300,60.000031,/blk/mp0,745,uniform-shuffle,"",150001.000000,24166.833984,60,1,0.990000,72.849960,0.733333,18653.406250,187.999908,0.000000,r,94,206,225,232,239,254,267,282,301,312,328,347,381,412,470,551,618,665,815,1615,1700,1900,286.670390,3233642.000000,11280,w,3242,3368,3386,3393,3400,3412,3424,3436,3450,3458,3467,3478,3492,3501,3514,3533,3557,3574,3611,3655,3695,3819,3427.429417,3835996141.000000,1119205,s,2147483647,0,0,0,0,0,0,0,0,0,0,0,0,0,0,0,0,0,0,0,0,-2147483648,0,0.000000,0,c,0,0,0,0,0,0,0,0,0,0,0,0,0,0,0,0,0,0,2,2,6,318,0.005440,4631645.000000,851388627
2024-09-11-09-12-45,4,360,59.999939,/blk/mp0,745,uniform-shuffle,"",150001.000000,24166.833984,60,1,0.990000,72.866737,0.733334,18655.035156,188.000198,0.000000,r,107,205,224,232,239,253,267,282,300,311,326,346,380,408,460,543,622,675,784,1510,1521,1952,285.476330,3220173.000000,11280,w,3246,3366,3385,3392,3399,3412,3424,3436,3450,3458,3467,3478,3493,3502,3515,3535,3558,3574,3614,3682,3726,5680,3427.136158,3835996929.000000,1119301,s,2147483647,0,0,0,0,0,0,0,0,0,0,0,0,0,0,0,0,0,0,0,0,-2147483648,0,0.000000,0,c,0,0,0,0,0,0,0,0,0,0,0,0,0,0,0,0,0,0,2,2,6,324,0.005398,4611658.000000,854290529
2024-09-11-09-12-45,4,420,60.000031,/blk/mp0,745,uniform-shuffle,"",150001.000000,24166.833984,60,1,0.990000,72.833298,0.733333,18647.523438,189.516571,0.000000,r,109,206,226,232,240,255,268,283,301,312,327,347,379,409,464,539,607,652,782,1389,1403,1666,285.983379,3251917.000000,11371,w,3208,3368,3387,3394,3401,3413,3425,3438,3451,3459,3468,3479,3493,3502,3515,3535,3558,3574,3612,3658,3685,6247,3428.497030,3835980759.000000,1118852,s,2147483647,0,0,0,0,0,0,0,0,0,0,0,0,0,0,0,0,0,0,0,0,-2147483648,0,0.000000,0,c,0,0,0,0,0,0,0,0,0,0,0,0,0,0,0,0,0,0,2,2,6,326,0.005405,4617419.000000,854216887
2024-09-11-09-12-45,4,480,60.000000,/blk/mp0,745,uniform-shuffle,"",150001.000000,24166.833984,60,1,0.990000,72.949997,0.733333,18677.783203,188.383331,0.000000,r,112,206,225,232,240,255,268,283,303,315,330,351,389,425,480,550,626,672,792,1575,1675,1817,288.109794,3256505.000000,11303,w,3230,3359,3380,3388,3395,3407,3420,3433,3447,3456,3465,3476,3490,3500,3513,3533,3558,3575,3613,3662,3699,6465,3422.929882,3835964562.000000,1120667,s,2147483647,0,0,0,0,0,0,0,0,0,0,0,0,0,0,0,0,0,0,0,0,-2147483648,0,0.000000,0,c,0,0,0,0,0,0,0,0,0,0,0,0,0,0,0,0,0,0,2,2,6,389,0.005416,4627593.000000,854424516
2024-09-11-09-12-45,4,540,60.000000,/blk/mp0,745,uniform-shuffle,"",150001.000000,24166.833984,60,1,0.990000,73.016670,0.733333,18694.050781,190.733337,0.000000,r,103,205,224,231,239,253,267,282,301,313,329,349,385,416,473,550,624,670,830,1799,1856,1896,287.078556,3285327.000000,11444,w,3243,3360,3379,3386,3393,3405,3417,3429,3442,3450,3459,3470,3484,3493,3505,3525,3549,3568,3610,3671,3726,5410,3419.927213,3835937419.000000,1121643,s,2147483647,0,0,0,0,0,0,0,0,0,0,0,0,0,0,0,0,0,0,0,0,-2147483648,0,0.000000,0,c,0,0,0,0,0,0,0,0,0,0,0,0,0,0,0,0,0,0,2,2,6,326,0.005411,4619417.000000,853647169
2024-09-11-09-12-45,4,600,60.000000,/blk/mp0,745,uniform-shuffle,"",150001.000000,24166.833984,60,1,0.990000,73.183334,0.733333,18738.550781,191.466660,0.000000,r,111,205,224,231,239,254,267,282,301,312,326,345,378,410,463,547,607,650,741,1033,1433,1550,284.952646,3273536.000000,11488,w,3053,3353,3371,3378,3385,3397,3409,3421,3434,3442,3451,3461,3475,3485,3496,3515,3538,3553,3589,3635,3666,6437,3411.812551,3835945205.000000,1124313,s,2147483647,0,0,0,0,0,0,0,0,0,0,0,0,0,0,0,0,0,0,0,0,-2147483648,0,0.000000,0,c,0,0,0,0,0,0,0,0,0,0,0,0,0,0,0,0,0,0,2,2,6,327,0.005436,4640864.000000,853723180
2024-09-11-09-12-45,4,660,60.000000,/blk/mp0,745,uniform-shuffle,"",150001.000000,24166.833984,60,1,0.990000,73.033333,0.716667,18696.599609,186.300003,0.000000,r,120,205,223,231,239,252,265,281,300,311,325,346,379,410,459,543,623,675,774,1281,1406,1632,284.457685,3179668.000000,11178,w,3215,3363,3380,3387,3393,3404,3416,3428,3441,3448,3457,3468,3481,3490,3502,3521,3544,3561,3595,3639,3669,3753,3419.554188,3836042210.000000,1121796,s,2147483647,0,0,0,0,0,0,0,0,0,0,0,0,0,0,0,0,0,0,0,0,-2147483648,0,0.000000,0,c,0,0,0,0,0,0,0,0,0,0,0,0,0,0,0,0,0,0,2,2,6,340,0.005416,4626941.000000,854238479
2024-09-11-09-12-45,4,720,60.000000,/blk/mp0,745,uniform-shuffle,"",150001.000000,24166.833984,60,1,0.990000,73.233330,0.716667,18748.382812,187.250000,0.000000,r,104,204,223,231,238,252,266,281,300,312,327,348,380,411,468,550,627,682,794,1536,1570,1827,285.332176,3205707.000000,11235,w,3215,3354,3371,3377,3384,3395,3406,3418,3431,3439,3448,3458,3472,3481,3493,3512,3537,3554,3590,3632,3661,5847,3410.085601,3836015523.000000,1124903,s,2147483647,0,0,0,0,0,0,0,0,0,0,0,0,0,0,0,0,0,0,0,0,-2147483648,0,0.000000,0,c,0,0,0,0,0,0,0,0,0,0,0,0,0,0,0,0,0,0,2,2,6,324,0.005421,4631735.000000,854360037
2024-09-11-09-12-45,4,780,60.000000,/blk/mp0,745,uniform-shuffle,"",150001.000000,24166.833984,60,1,0.990000,73.250000,0.750000,18754.416016,192.566666,0.000000,r,99,204,223,230,238,253,266,281,300,312,327,347,384,414,468,544,615,658,791,1304,1363,1567,284.859789,3291270.000000,11554,w,3209,3351,3369,3376,3382,3394,3405,3417,3431,3439,3447,3458,3472,3482,3495,3515,3539,3557,3593,3634,3681,4283,3408.913178,3835930687.000000,1125265,s,2147483647,0,0,0,0,0,0,0,0,0,0,0,0,0,0,0,0,0,0,0,0,-2147483648,0,0.000000,0,c,0,0,0,0,0,0,0,0,0,0,0,0,0,0,0,0,0,0,2,2,6,324,0.005434,4637830.000000,853545813
2024-09-11-09-12-45,4,840,60.000061,/blk/mp0,745,uniform-shuffle,"",150001.000000,24166.833984,60,1,0.990000,73.149925,0.749999,18727.148438,192.683136,0.000000,r,102,204,224,231,238,253,267,282,301,313,329,347,384,415,471,555,625,672,804,1609,1687,1822,286.134590,3308002.000000,11561,w,3184,3352,3372,3379,3386,3398,3410,3423,3437,3445,3454,3466,3479,3489,3502,3522,3546,3563,3603,3649,3730,5770,3413.860852,3835916469.000000,1123630,s,2147483647,0,0,0,0,0,0,0,0,0,0,0,0,0,0,0,0,0,0,0,0,-2147483648,0,0.000000,0,c,0,0,0,0,0,0,0,0,0,0,0,0,0,0,0,0,0,0,2,2,6,321,0.005424,4632126.000000,854068677
2024-09-11-09-12-45,4,900,60.000000,/blk/mp0,745,uniform-shuffle,"",150001.000000,24166.833984,60,1,0.990000,73.266670,0.716667,18757.166016,187.683334,0.000000,r,87,205,224,231,239,253,266,281,299,310,326,346,382,409,466,541,622,667,855,1731,1754,1768,285.302904,3212796.000000,11261,w,3226,3352,3369,3376,3382,3393,3405,3417,3430,3437,3446,3456,3470,3479,3491,3510,3534,3552,3586,3629,3646,5430,3408.485747,3836012114.000000,1125430,s,2147483647,0,0,0,0,0,0,0,0,0,0,0,0,0,0,0,0,0,0,0,0,-2147483648,0,0.000000,0,c,0,0,0,0,0,0,0,0,0,0,0,0,0,0,0,0,0,0,2,2,6,323,0.005410,4618945.000000,853726296
2024-09-11-09-12-45,4,960,60.000000,/blk/mp0,745,uniform-shuffle,"",150001.000000,24166.833984,60,1,0.990000,73.300003,0.750000,18765.316406,192.216660,0.000000,r,84,204,223,230,238,252,266,281,300,311,326,346,383,418,472,554,616,666,791,1597,1777,1856,285.298275,3290345.000000,11533,w,3159,3348,3366,3373,3380,3392,3403,3415,3429,3437,3446,3457,3470,3479,3492,3511,3535,3553,3595,3649,3707,6152,3406.926067,3835922790.000000,1125919,s,2147483647,0,0,0,0,0,0,0,0,0,0,0,0,0,0,0,0,0,0,0,0,-2147483648,0,0.000000,0,c,0,0,0,0,0,0,0,0,0,0,0,0,0,0,0,0,0,0,2,2,6,317,0.005413,4619184.000000,853399719
2024-09-11-09-34-29,4,60,60.000046,/blk/mp0,745,uniform-shuffle,"",130001.000000,20833.500000,60,1,0.990000,73.283279,0.733333,18763.218750,191.533188,0.000000,r,76,204,224,231,239,252,266,281,299,311,327,347,377,410,462,544,620,673,799,1617,1687,1860,284.838061,3273359.000000,11492,w,9,3346,3366,3373,3380,3393,3404,3417,3431,3439,3448,3458,3472,3482,3494,3514,3537,3553,3589,3640,3691,6435,3405.947919,3834395731.000000,1125794,s,19999,0,0,0,0,0,0,0,0,0,0,0,0,0,0,0,0,0,0,0,0,0,0,0.000000,0,c,0,0,0,0,0,0,0,0,0,0,0,0,0,0,0,0,0,0,2,2,5,47,0.005454,4665001.000000,855346088
2024-09-11-09-34-29,4,120,60.000004,/blk/mp0,745,uniform-shuffle,"",130001.000000,20833.500000,60,1,0.990000,73.383331,0.733333,18786.482422,190.066650,0.000000,r,83,204,223,230,237,251,265,281,299,310,325,345,380,412,471,544,621,684,778,1223,1325,1535,284.268327,3241796.000000,11404,w,3204,3341,3361,3369,3376,3388,3400,3413,3427,3435,3444,3455,3469,3479,3491,3510,3532,3548,3583,3628,3662,6564,3403.126769,3835967060.000000,1127189,s,2147483647,0,0,0,0,0,0,0,0,0,0,0,0,0,0,0,0,0,0,0,0,-2147483648,0,0.000000,0,c,0,0,0,0,0,0,0,0,0,0,0,0,0,0,0,0,0,0,2,2,5,350,0.005480,4684097.000000,854835688
2024-09-11-09-34-29,4,180,60.000069,/blk/mp0,745,uniform-shuffle,"",130001.000000,20833.500000,60,1,0.990000,72.966583,0.749999,18682.544922,192.033112,0.000000,r,107,206,225,231,239,254,267,283,302,314,329,349,384,419,472,546,614,671,815,1781,1823,1829,287.225395,3309411.000000,11522,w,3211,3357,3378,3386,3393,3407,3419,3433,3447,3455,3464,3476,3490,3499,3513,3533,3557,3575,3610,3656,3701,6227,3421.985506,3835888341.000000,1120954,s,2147483647,0,0,0,0,0,0,0,0,0,0,0,0,0,0,0,0,0,0,0,0,-2147483648,0,0.000000,0,c,0,0,0,0,0,0,0,0,0,0,0,0,0,0,0,0,0,0,2,2,5,328,0.005437,4650800.000000,855333183
2024-09-11-09-34-29,4,240,59.999969,/blk/mp0,745,uniform-shuffle,"",130001.000000,20833.500000,60,1,0.990000,72.850037,0.733334,18653.742188,188.683426,0.000000,r,102,205,225,232,240,254,267,283,302,313,329,348,384,413,472,554,629,680,901,1666,1681,2936,287.325236,3252809.000000,11321,w,3129,3365,3384,3392,3399,3412,3424,3437,3451,3459,3468,3479,3493,3503,3516,3535,3560,3577,3614,3666,3701,3721,3427.270495,3835883393.000000,1119224,s,2147483647,0,0,0,0,0,0,0,0,0,0,0,0,0,0,0,0,0,0,0,0,-2147483648,0,0.000000,0,c,0,0,0,0,0,0,0,0,0,0,0,0,0,0,0,0,0,0,2,2,5,322,0.005537,4721037.000000,852564931
2024-09-11-09-34-29,4,300,60.000137,/blk/mp0,745,uniform-shuffle,"",130001.000000,20833.500000,60,1,0.990000,72.649834,0.733332,18602.074219,188.882904,0.000000,r,106,207,227,233,241,256,270,285,305,315,330,350,385,417,469,549,617,661,1027,1868,2009,3358,289.029824,3275575.000000,11333,w,3242,3368,3389,3397,3405,3419,3433,3448,3464,3473,3483,3495,3511,3521,3535,3557,3583,3601,3638,3694,3784,6692,3436.836617,3835946143.000000,1116127,s,2147483647,0,0,0,0,0,0,0,0,0,0,0,0,0,0,0,0,0,0,0,0,-2147483648,0,0.000000,0,c,0,0,0,0,0,0,0,0,0,0,0,0,0,0,0,0,0,0,2,2,6,325,0.005608,4753676.000000,847648787
2024-09-11-09-34-29,4,360,59.999817,/blk/mp0,745,uniform-shuffle,"",130001.000000,20833.500000,60,1,0.990000,72.150223,0.716669,18473.039062,187.567245,0.000000,r,105,208,229,235,243,257,270,285,304,315,330,351,385,418,476,557,632,668,891,1708,1771,1773,290.450684,3268732.000000,11254,w,3046,3394,3415,3423,3430,3444,3457,3471,3486,3495,3505,3517,3532,3542,3556,3577,3603,3621,3666,3725,3794,4808,3460.843298,3835926034.000000,1108379,s,2147483647,0,0,0,0,0,0,0,0,0,0,0,0,0,0,0,0,0,0,0,0,-2147483648,0,0.000000,0,c,0,0,0,0,0,0,0,0,0,0,0,0,0,0,0,0,0,0,2,2,6,321,0.005568,4722326.000000,848082974
2024-09-11-09-34-29,4,420,59.999969,/blk/mp0,745,uniform-shuffle,"",130001.000000,20833.500000,60,1,0.990000,72.466705,0.733334,18555.242188,189.383423,0.000000,r,99,206,227,233,241,256,270,285,305,317,331,351,383,415,469,553,624,670,828,1452,1599,1771,288.849336,3282195.000000,11363,w,3244,3383,3402,3410,3417,3430,3442,3455,3470,3478,3488,3499,3513,3523,3535,3556,3580,3596,3634,3682,3720,5952,3445.513506,3835938423.000000,1113314,s,2147483647,0,0,0,0,0,0,0,0,0,0,0,0,0,0,0,0,0,0,0,0,-2147483648,0,0.000000,0,c,0,0,0,0,0,0,0,0,0,0,0,0,0,0,0,0,0,0,2,2,6,333,0.005594,4742391.000000,847722093
2024-09-11-09-34-29,4,480,60.000061,/blk/mp0,745,uniform-shuffle,"",130001.000000,20833.500000,60,1,0.990000,72.349930,0.733333,18524.597656,190.416473,0.000000,r,112,207,228,234,243,257,270,285,304,315,330,350,387,414,472,546,624,674,770,1104,1198,1353,288.901444,3300699.000000,11425,w,3190,3386,3406,3414,3422,3435,3448,3461,3476,3485,3494,3505,3520,3530,3543,3564,3590,3608,3646,3691,3725,3851,3451.161584,3835886724.000000,1111477,s,2147483647,0,0,0,0,0,0,0,0,0,0,0,0,0,0,0,0,0,0,0,0,-2147483648,0,0.000000,0,c,0,0,0,0,0,0,0,0,0,0,0,0,0,0,0,0,0,0,2,2,6,328,0.005581,4733161.000000,848108859
2024-09-11-09-34-29,4,540,60.000031,/blk/mp0,745,uniform-shuffle,"",130001.000000,20833.500000,60,1,0.990000,72.499962,0.733333,18560.457031,189.183243,0.000000,r,111,207,228,233,242,257,270,285,306,317,332,352,385,420,481,546,614,651,741,1196,1416,1477,289.157431,3282226.000000,11351,w,3250,3383,3402,3410,3416,3429,3441,3454,3468,3476,3485,3496,3510,3520,3532,3552,3577,3594,3632,3682,3728,3802,3444.544685,3835941408.000000,1113628,s,2147483647,0,0,0,0,0,0,0,0,0,0,0,0,0,0,0,0,0,0,0,0,-2147483648,0,0.000000,0,c,0,0,0,0,0,0,0,0,0,0,0,0,0,0,0,0,0,0,2,2,6,339,0.005589,4740545.000000,848226762
2024-09-11-09-34-29,4,600,60.000000,/blk/mp0,745,uniform-shuffle,"",130001.000000,20833.500000,60,1,0.990000,72.583336,0.733333,18583.632812,188.550003,0.000000,r,95,207,227,233,241,256,269,284,304,316,331,351,384,415,470,546,618,664,766,1554,1612,1663,288.298241,3261518.000000,11313,w,3263,3380,3399,3406,3412,3425,3437,3449,3463,3471,3480,3491,3505,3514,3527,3547,3571,3588,3626,3683,3720,3763,3440.257426,3835948955.000000,1115018,s,2147483647,0,0,0,0,0,0,0,0,0,0,0,0,0,0,0,0,0,0,0,0,-2147483648,0,0.000000,0,c,0,0,0,0,0,0,0,0,0,0,0,0,0,0,0,0,0,0,2,2,6,326,0.005600,4748228.000000,847940312
2024-09-11-09-34-29,4,660,59.999939,/blk/mp0,745,uniform-shuffle,"",130001.000000,20833.500000,60,1,0.990000,72.816742,0.716667,18644.935547,187.083527,0.000000,r,112,206,227,233,241,255,268,283,301,311,327,346,383,417,470,547,623,671,812,1749,1852,1897,287.437595,3226487.000000,11225,w,3216,3368,3388,3395,3402,3414,3426,3438,3452,3460,3469,3480,3494,3503,3516,3535,3560,3577,3612,3667,3710,6645,3428.985587,3835989031.000000,1118695,s,2147483647,0,0,0,0,0,0,0,0,0,0,0,0,0,0,0,0,0,0,0,0,-2147483648,0,0.000000,0,c,0,0,0,0,0,0,0,0,0,0,0,0,0,0,0,0,0,0,2,2,6,321,0.005620,4763762.000000,847578131
2024-09-11-09-34-29,4,720,60.000000,/blk/mp0,745,uniform-shuffle,"",130001.000000,20833.500000,60,1,0.990000,72.883331,0.716667,18658.716797,187.333328,0.000000,r,110,206,226,232,240,254,268,283,302,313,328,348,383,415,467,546,625,686,933,1609,1717,1743,287.218950,3228341.000000,11240,w,3205,3368,3386,3393,3399,3411,3423,3435,3448,3456,3465,3476,3490,3499,3512,3532,3556,3573,3614,3729,4077,6717,3426.394677,3835927648.000000,1119523,s,2147483647,0,0,0,0,0,0,0,0,0,0,0,0,0,0,0,0,0,0,0,0,-2147483648,0,0.000000,0,c,0,0,0,0,0,0,0,0,0,0,0,0,0,0,0,0,0,0,2,2,6,854,0.005634,4774245.000000,847443987
2024-09-11-09-34-29,4,780,60.000000,/blk/mp0,745,uniform-shuffle,"",130001.000000,20833.500000,60,1,0.990000,73.000000,0.733333,18688.033203,188.416672,0.000000,r,85,205,226,232,240,255,268,283,302,313,329,350,385,414,468,549,622,664,754,1140,1447,1608,286.843255,3242763.000000,11305,w,3230,3364,3381,3388,3394,3406,3417,3429,3443,3451,3459,3470,3484,3493,3505,3525,3549,3566,3603,3653,3687,3764,3421.056954,3835969583.000000,1121282,s,2147483647,0,0,0,0,0,0,0,0,0,0,0,0,0,0,0,0,0,0,0,0,-2147483648,0,0.000000,0,c,0,0,0,0,0,0,0,0,0,0,0,0,0,0,0,0,0,0,2,3,6,367,0.005652,4787333.000000,846980058
2024-09-11-09-34-29,4,840,60.000061,/blk/mp0,745,uniform-shuffle,"",130001.000000,20833.500000,60,1,0.990000,72.983261,0.733333,18684.214844,189.933136,0.000000,r,99,206,226,232,240,255,268,282,302,314,330,349,386,414,466,545,626,668,761,1546,1798,2434,287.157160,3272443.000000,11396,w,3206,3363,3381,3388,3394,3406,3418,3430,3444,3452,3461,3472,3486,3495,3507,3528,3553,3572,3612,3662,3752,5024,3421.713919,3835926076.000000,1121054,s,2147483647,0,0,0,0,0,0,0,0,0,0,0,0,0,0,0,0,0,0,0,0,-2147483648,0,0.000000,0,c,0,0,0,0,0,0,0,0,0,0,0,0,0,0,0,0,0,0,2,3,6,367,0.005652,4785677.000000,846659024
2024-09-11-09-34-29,4,900,60.000000,/blk/mp0,745,uniform-shuffle,"",130001.000000,20833.500000,60,1,0.990000,73.033333,0.716667,18699.117188,187.516663,0.000000,r,89,205,224,231,239,254,267,282,300,312,327,347,380,411,466,543,622,675,917,1571,1744,1885,286.029153,3218114.000000,11251,w,3102,3361,3379,3386,3392,3404,3415,3427,3441,3448,3457,3468,3481,3491,3503,3523,3548,3565,3603,3649,3739,4422,3419.045619,3835987975.000000,1121947,s,2147483647,0,0,0,0,0,0,0,0,0,0,0,0,0,0,0,0,0,0,0,0,-2147483648,0,0.000000,0,c,0,0,0,0,0,0,0,0,0,0,0,0,0,0,0,0,0,0,2,3,6,368,0.005656,4789350.000000,846741163
2024-09-11-09-34-29,4,960,59.999939,/blk/mp0,745,uniform-shuffle,"",130001.000000,20833.500000,60,1,0.990000,73.100075,0.733334,18717.251953,190.000198,0.000000,r,105,205,225,231,238,253,266,281,301,314,329,350,385,416,473,556,633,684,802,1848,2210,3230,287.216842,3274272.000000,11400,w,3206,3350,3372,3380,3387,3401,3413,3427,3441,3449,3458,3469,3484,3494,3507,3528,3554,3572,3608,3660,3726,5265,3415.685358,3835930790.000000,1123034,s,2147483647,0,0,0,0,0,0,0,0,0,0,0,0,0,0,0,0,0,0,0,0,-2147483648,0,0.000000,0,c,0,0,0,0,0,0,0,0,0,0,0,0,0,0,0,0,0,0,2,3,6,367,0.005663,4794462.000000,846671765
2024-09-11-09-56-14,4,60,60.000099,/blk/mp0,745,uniform-shuffle,"",120001.000000,19166.833984,60,1,0.990000,73.083214,0.733332,18711.685547,191.033020,0.000000,r,62,204,223,231,237,253,266,281,300,310,326,344,379,408,456,537,616,668,873,1588,1631,1836,283.821759,3253165.000000,11462,w,8,3358,3376,3383,3389,3401,3412,3425,3438,3446,3455,3465,3480,3489,3501,3521,3545,3562,3602,3669,3736,6380,3401.173638,3818507847.000000,1122703,s,19999,0,0,0,0,0,0,0,0,0,0,0,0,0,0,0,0,0,0,0,0,0,0,0.000000,0,c,0,0,0,0,0,0,0,0,0,0,0,0,0,0,0,0,0,0,2,2,6,144,0.004988,4280361.000000,858084152
2024-09-11-09-56-14,4,120,60.000015,/blk/mp0,745,uniform-shuffle,"",120001.000000,19166.833984,60,1,0.990000,73.333313,0.733333,18775.412109,189.366623,0.000000,r,86,204,223,230,237,252,265,281,299,310,325,344,381,416,476,556,635,696,988,1566,1642,1647,285.645661,3245506.000000,11362,w,3108,3346,3364,3371,3378,3390,3402,3414,3428,3435,3444,3455,3468,3477,3490,3509,3533,3550,3590,3643,3675,4903,3405.145639,3835981691.000000,1126525,s,2147483647,0,0,0,0,0,0,0,0,0,0,0,0,0,0,0,0,0,0,0,0,-2147483648,0,0.000000,0,c,0,0,0,0,0,0,0,0,0,0,0,0,0,0,0,0,0,0,2,2,5,333,0.004760,4087704.000000,858678055
2024-09-11-09-56-14,4,180,60.000008,/blk/mp0,745,uniform-shuffle,"",120001.000000,19166.833984,60,1,0.990000,73.199989,0.716667,18739.347656,186.149979,0.000000,r,114,204,224,231,239,253,266,282,300,311,327,346,384,417,477,554,628,691,1202,1658,1742,1823,286.968842,3205155.000000,11169,w,3119,3354,3372,3378,3385,3396,3408,3420,3433,3441,3450,3461,3475,3484,3496,3516,3541,3559,3597,3645,3684,6489,3411.744026,3836031925.000000,1124361,s,2147483647,0,0,0,0,0,0,0,0,0,0,0,0,0,0,0,0,0,0,0,0,-2147483648,0,0.000000,0,c,0,0,0,0,0,0,0,0,0,0,0,0,0,0,0,0,0,0,2,2,5,320,0.004753,4082475.000000,858838132
2024-09-11-09-56-14,4,240,59.999969,/blk/mp0,745,uniform-shuffle,"",120001.000000,19166.833984,60,1,0.990000,73.250038,0.716667,18752.775391,185.116760,0.000000,r,100,204,223,230,237,252,265,281,300,312,327,346,378,408,461,538,610,659,777,1024,1772,1889,283.612767,3150087.000000,11107,w,3233,3352,3370,3377,3383,3394,3406,3418,3431,3438,3447,3458,3472,3481,3493,3513,3536,3553,3588,3640,3693,5236,3409.345004,3836079081.000000,1125166,s,2147483647,0,0,0,0,0,0,0,0,0,0,0,0,0,0,0,0,0,0,0,0,-2147483648,0,0.000000,0,c,0,0,0,0,0,0,0,0,0,0,0,0,0,0,0,0,0,0,2,2,5,315,0.004837,4148502.000000,857624647
2024-09-11-09-56-14,4,300,60.000031,/blk/mp0,745,uniform-shuffle,"",120001.000000,19166.833984,60,1,0.990000,73.299965,0.733333,18766.089844,189.799896,0.000000,r,104,205,224,231,239,253,266,281,299,309,324,346,380,408,463,544,618,673,968,1813,1824,1848,285.180277,3247633.000000,11388,w,3200,3348,3366,3373,3380,3392,3404,3416,3429,3437,3446,3456,3470,3478,3490,3509,3533,3550,3584,3630,3663,6207,3406.836304,3835981846.000000,1125966,s,2147483647,0,0,0,0,0,0,0,0,0,0,0,0,0,0,0,0,0,0,0,0,-2147483648,0,0.000000,0,c,0,0,0,0,0,0,0,0,0,0,0,0,0,0,0,0,0,0,2,2,6,320,0.005088,4332946.000000,851675463
2024-09-11-09-56-14,4,360,60.000000,/blk/mp0,745,uniform-shuffle,"",120001.000000,19166.833984,60,1,0.990000,73.300003,0.733333,18766.283203,189.750000,0.000000,r,95,205,224,231,238,253,266,281,300,312,328,347,382,416,471,547,631,690,852,1746,1760,1785,286.214844,3258556.000000,11385,w,3233,3347,3366,3373,3379,3392,3403,3415,3429,3437,3446,3457,3471,3480,3493,3513,3537,3556,3594,3649,3683,5634,3406.795117,3835972945.000000,1125977,s,2147483647,0,0,0,0,0,0,0,0,0,0,0,0,0,0,0,0,0,0,0,0,-2147483648,0,0.000000,0,c,0,0,0,0,0,0,0,0,0,0,0,0,0,0,0,0,0,0,2,2,6,348,0.005094,4338104.000000,851617333
2024-09-11-09-56-14,4,420,60.000000,/blk/mp0,745,uniform-shuffle,"",120001.000000,19166.833984,60,1,0.990000,73.483330,0.733333,18812.867188,191.633331,0.000000,r,108,205,224,230,238,253,266,281,301,311,326,346,380,408,462,543,621,675,864,1429,1462,1697,285.102800,3278112.000000,11498,w,3166,3341,3359,3366,3372,3383,3395,3407,3420,3427,3436,3447,3461,3470,3482,3502,3526,3543,3582,3637,3721,5453,3398.336866,3835947501.000000,1128772,s,2147483647,0,0,0,0,0,0,0,0,0,0,0,0,0,0,0,0,0,0,0,0,-2147483648,0,0.000000,0,c,0,0,0,0,0,0,0,0,0,0,0,0,0,0,0,0,0,0,2,2,6,326,0.005105,4346316.000000,851400855
2024-09-11-09-56-14,4,480,60.000031,/blk/mp0,745,uniform-shuffle,"",120001.000000,19166.833984,60,1,0.990000,73.283295,0.733333,18762.041016,191.349899,0.000000,r,109,205,224,231,239,253,266,282,301,311,326,346,383,415,471,555,635,684,1206,1750,1791,1843,286.500827,3289316.000000,11481,w,3221,3347,3367,3374,3380,3393,3404,3417,3430,3438,3447,3458,3471,3481,3493,3512,3537,3555,3591,3632,3667,6268,3407.533928,3835939316.000000,1125723,s,2147483647,0,0,0,0,0,0,0,0,0,0,0,0,0,0,0,0,0,0,0,0,-2147483648,0,0.000000,0,c,0,0,0,0,0,0,0,0,0,0,0,0,0,0,0,0,0,0,2,2,6,324,0.005087,4332309.000000,851614021
2024-09-11-09-56-14,4,540,59.999969,/blk/mp0,745,uniform-shuffle,"",120001.000000,19166.833984,60,1,0.990000,73.083374,0.733334,18711.525391,188.983429,0.000000,r,107,206,225,231,239,254,267,282,300,311,327,349,382,414,463,542,626,673,1067,1777,1881,1900,286.660376,3250442.000000,11339,w,3217,3357,3376,3383,3390,3402,3414,3426,3439,3447,3456,3467,3480,3490,3502,3522,3547,3565,3598,3650,3812,5064,3416.764022,3835970217.000000,1122691,s,2147483647,0,0,0,0,0,0,0,0,0,0,0,0,0,0,0,0,0,0,0,0,-2147483648,0,0.000000,0,c,0,0,0,0,0,0,0,0,0,0,0,0,0,0,0,0,0,0,2,2,6,322,0.005069,4317754.000000,851739459
2024-09-11-09-56-14,4,600,59.999939,/blk/mp0,745,uniform-shuffle,"",120001.000000,19166.833984,60,1,0.990000,72.966743,0.733334,18680.769531,189.733521,0.000000,r,108,205,226,232,240,254,267,282,301,313,330,350,386,414,472,552,627,687,840,1481,1751,1807,287.167252,3269112.000000,11384,w,3208,3349,3373,3382,3391,3406,3420,3435,3451,3460,3470,3482,3497,3507,3520,3541,3567,3585,3624,3671,3702,4590,3422.379890,3835957388.000000,1120845,s,2147483647,0,0,0,0,0,0,0,0,0,0,0,0,0,0,0,0,0,0,0,0,-2147483648,0,0.000000,0,c,0,0,0,0,0,0,0,0,0,0,0,0,0,0,0,0,0,0,2,2,6,325,0.005065,4313651.000000,851706475
2024-09-11-09-56-14,4,660,60.000061,/blk/mp0,745,uniform-shuffle,"",120001.000000,19166.833984,60,1,0.990000,72.299927,0.716666,18510.865234,186.883148,0.000000,r,85,207,227,233,241,256,269,284,303,314,330,351,386,418,476,546,619,673,1193,1650,1679,1901,288.928387,3239754.000000,11213,w,3275,3391,3410,3417,3424,3437,3450,3463,3478,3486,3496,3507,3522,3532,3545,3567,3593,3611,3652,3712,3740,6312,3453.822955,3835998826.000000,1110653,s,2147483647,0,0,0,0,0,0,0,0,0,0,0,0,0,0,0,0,0,0,0,0,-2147483648,0,0.000000,0,c,0,0,0,0,0,0,0,0,0,0,0,0,0,0,0,0,0,0,2,2,6,324,0.005032,4288094.000000,852185725
2024-09-11-09-56-14,4,720,60.000000,/blk/mp0,745,uniform-shuffle,"",120001.000000,19166.833984,60,1,0.990000,72.316666,0.733333,18516.966797,188.600006,0.000000,r,113,207,227,234,242,256,269,284,304,315,330,349,381,409,461,538,630,676,858,1618,1673,1798,287.873895,3257581.000000,11316,w,3257,3390,3409,3417,3424,3437,3449,3462,3477,3485,3495,3506,3520,3529,3541,3561,3586,3603,3640,3682,3707,5985,3452.676489,3835985727.000000,1111018,s,2147483647,0,0,0,0,0,0,0,0,0,0,0,0,0,0,0,0,0,0,0,0,-2147483648,0,0.000000,0,c,0,0,0,0,0,0,0,0,0,0,0,0,0,0,0,0,0,0,2,2,6,325,0.005035,4290317.000000,852067815
2024-09-11-09-56-14,4,780,59.999939,/blk/mp0,745,uniform-shuffle,"",120001.000000,19166.833984,60,1,0.990000,72.400070,0.716667,18535.619141,187.650192,0.000000,r,109,207,227,234,242,256,269,285,303,314,329,348,381,411,469,564,636,680,768,1157,1529,1710,288.317879,3246171.000000,11259,w,3254,3388,3407,3415,3421,3434,3446,3459,3472,3480,3490,3500,3515,3524,3537,3556,3579,3597,3633,3689,3770,5446,3449.206139,3835986319.000000,1112136,s,2147483647,0,0,0,0,0,0,0,0,0,0,0,0,0,0,0,0,0,0,0,0,-2147483648,0,0.000000,0,c,0,0,0,0,0,0,0,0,0,0,0,0,0,0,0,0,0,0,2,2,6,335,0.005019,4279021.000000,852584109
2024-09-11-09-56-14,4,840,60.000000,/blk/mp0,745,uniform-shuffle,"",120001.000000,19166.833984,60,1,0.990000,72.400002,0.733333,18536.900391,188.000000,0.000000,r,108,207,228,233,242,256,269,285,304,316,332,354,389,422,475,556,628,681,814,1365,1541,1882,289.679433,3267584.000000,11280,w,3256,3387,3406,3413,3420,3433,3446,3458,3473,3481,3490,3501,3516,3525,3538,3559,3583,3599,3639,3697,3782,5371,3448.928725,3835946813.000000,1112214,s,2147483647,0,0,0,0,0,0,0,0,0,0,0,0,0,0,0,0,0,0,0,0,-2147483648,0,0.000000,0,c,0,0,0,0,0,0,0,0,0,0,0,0,0,0,0,0,0,0,2,2,6,320,0.005019,4279801.000000,852664976
2024-09-11-09-56-14,4,900,60.000061,/blk/mp0,745,uniform-shuffle,"",120001.000000,19166.833984,60,1,0.990000,72.483261,0.716666,18556.947266,185.999817,0.000000,r,112,206,227,233,241,254,268,283,301,313,328,349,384,413,466,550,625,669,803,1489,1563,1668,287.129122,3204361.000000,11160,w,3247,3386,3404,3411,3418,3430,3442,3454,3468,3475,3484,3495,3509,3518,3530,3550,3574,3591,3628,3664,3700,6757,3445.280126,3836036907.000000,1113418,s,2147483647,0,0,0,0,0,0,0,0,0,0,0,0,0,0,0,0,0,0,0,0,-2147483648,0,0.000000,0,c,0,0,0,0,0,0,0,0,0,0,0,0,0,0,0,0,0,0,2,2,6,324,0.005028,4285984.000000,852495411
2024-09-11-09-56-14,4,960,60.000000,/blk/mp0,745,uniform-shuffle,"",120001.000000,19166.833984,60,1,0.990000,72.733330,0.716667,18621.017578,184.633331,0.000000,r,107,206,227,233,241,255,268,284,303,315,329,347,381,410,460,537,622,679,780,1852,1878,1911,287.226395,3181894.000000,11078,w,3224,3373,3392,3399,3405,3418,3430,3443,3456,3465,3474,3485,3498,3508,3520,3540,3565,3584,3625,3678,3704,5395,3433.441551,3836050341.000000,1117261,s,2147483647,0,0,0,0,0,0,0,0,0,0,0,0,0,0,0,0,0,0,0,0,-2147483648,0,0.000000,0,c,0,0,0,0,0,0,0,0,0,0,0,0,0,0,0,0,0,0,2,2,6,323,0.005024,4281815.000000,852255337
2024-09-11-10-17-59,4,60,60.000088,/blk/mp0,745,uniform-shuffle,"",110001.000000,17500.166016,60,1,0.990000,67.683235,0.666666,17330.875000,173.683075,0.000000,r,61,106,166,205,220,245,265,286,309,323,341,368,412,455,513,600,704,802,1546,1939,1946,4904,272.313022,2837774.000000,10421,w,8,9,3269,3350,3394,3461,3532,3618,3681,3709,3735,3761,3793,3816,3853,4155,5517,7347,18024,19998,19998,19998,3054.718389,3176461136.000000,1039854,s,19999,0,0,0,0,0,0,0,0,0,0,0,0,0,0,0,0,0,0,0,0,0,0,0.000000,0,c,0,0,0,0,0,0,0,0,0,0,0,0,0,0,0,0,0,0,2,3,6,143,0.004771,4108303.000000,861129754
2024-09-11-10-17-59,4,120,60.000004,/blk/mp0,745,uniform-shuffle,"",110001.000000,17500.166016,60,1,0.990000,67.749992,0.683333,17346.265625,175.349991,0.000000,r,61,106,149,204,225,251,271,290,312,326,342,364,394,421,466,560,647,691,794,1552,1626,1808,267.408896,2813409.000000,10521,w,8,9,3153,3517,3558,3605,3644,3682,3719,3738,3757,3777,3800,3815,3834,3862,3895,3917,3968,4038,4240,6656,3023.772293,3147069632.000000,1040776,s,2147483647,0,0,0,0,0,0,0,0,0,0,0,0,0,0,0,0,0,0,0,0,-2147483648,0,0.000000,0,c,0,0,0,0,0,0,0,0,0,0,0,0,0,0,0,0,0,0,2,3,6,366,0.004770,4113107.000000,862351502
2024-09-11-10-17-59,4,180,59.999969,/blk/mp0,745,uniform-shuffle,"",110001.000000,17500.166016,60,1,0.990000,67.450035,0.666667,17269.724609,173.450089,0.000000,r,61,106,132,196,221,249,270,290,313,327,344,365,397,427,473,562,639,691,835,1391,1586,1593,265.883252,2767047.000000,10407,w,8,10,2837,3511,3569,3620,3659,3695,3727,3743,3760,3779,3800,3813,3831,3859,3890,3912,3960,4057,4198,4239,3020.307796,3129591593.000000,1036183,s,2147483647,0,0,0,0,0,0,0,0,0,0,0,0,0,0,0,0,0,0,0,0,-2147483648,0,0.000000,0,c,0,0,0,0,0,0,0,0,0,0,0,0,0,0,0,0,0,0,2,3,6,321,0.004726,4078843.000000,863028305
2024-09-11-10-17-59,4,240,60.000015,/blk/mp0,745,uniform-shuffle,"",110001.000000,17500.166016,60,1,0.990000,67.683319,0.683333,17329.861328,176.649948,0.000000,r,61,106,153,206,226,250,271,290,312,326,342,361,393,416,460,545,626,664,773,1445,1661,1829,266.033305,2819687.000000,10599,w,8,9,3036,3516,3555,3599,3636,3677,3723,3746,3768,3789,3813,3828,3846,3874,3904,3927,3978,4097,4239,4289,3011.155058,3130974940.000000,1039792,s,2147483647,0,0,0,0,0,0,0,0,0,0,0,0,0,0,0,0,0,0,0,0,-2147483648,0,0.000000,0,c,0,0,0,0,0,0,0,0,0,0,0,0,0,0,0,0,0,0,2,3,6,336,0.004804,4141726.000000,862172197
2024-09-11-10-17-59,4,300,60.000015,/blk/mp0,745,uniform-shuffle,"",110001.000000,17500.166016,60,1,0.990000,67.599983,0.683333,17307.044922,175.133286,0.000000,r,61,106,148,204,226,251,272,292,314,327,342,365,398,427,475,562,640,685,865,1666,1671,1851,268.264465,2818923.000000,10508,w,8,10,3285,3504,3547,3605,3654,3702,3746,3766,3786,3807,3831,3846,3865,3894,3927,3949,3997,4064,4136,4182,3024.685540,3140903033.000000,1038423,s,2147483647,0,0,0,0,0,0,0,0,0,0,0,0,0,0,0,0,0,0,0,0,-2147483648,0,0.000000,0,c,0,0,0,0,0,0,0,0,0,0,0,0,0,0,0,0,0,0,2,3,6,315,0.004678,4012611.000000,857771486
2024-09-11-10-17-59,4,360,60.000000,/blk/mp0,745,uniform-shuffle,"",110001.000000,17500.166016,60,1,0.990000,67.766670,0.683333,17352.099609,178.033340,0.000000,r,61,106,155,207,227,252,272,292,313,326,340,362,396,420,469,552,636,685,930,1749,1769,1996,267.802191,2860663.000000,10682,w,8,10,3063,3507,3550,3600,3640,3682,3722,3742,3762,3782,3806,3820,3838,3866,3899,3922,3976,4049,4116,6621,3015.274999,3139281199.000000,1041126,s,2147483647,0,0,0,0,0,0,0,0,0,0,0,0,0,0,0,0,0,0,0,0,-2147483648,0,0.000000,0,c,0,0,0,0,0,0,0,0,0,0,0,0,0,0,0,0,0,0,2,3,6,327,0.004581,3916178.000000,854859444
2024-09-11-10-17-59,4,420,59.999969,/blk/mp0,745,uniform-shuffle,"",110001.000000,17500.166016,60,1,0.990000,67.566704,0.683334,17299.708984,175.283417,0.000000,r,61,107,172,213,230,253,273,293,312,327,342,361,394,423,467,549,633,692,795,1592,1760,1838,269.455833,2833867.000000,10517,w,8,10,3424,3525,3559,3607,3651,3698,3740,3760,3779,3799,3822,3837,3855,3884,3916,3937,3987,4043,4141,5873,3101.678344,3219486291.000000,1037982,s,2147483647,0,0,0,0,0,0,0,0,0,0,0,0,0,0,0,0,0,0,0,0,-2147483648,0,0.000000,0,c,0,0,0,0,0,0,0,0,0,0,0,0,0,0,0,0,0,0,2,3,6,321,0.004558,3902504.000000,856102275
2024-09-11-10-17-59,4,480,60.000031,/blk/mp0,745,uniform-shuffle,"",110001.000000,17500.166016,60,1,0.990000,67.633301,0.666666,17318.341797,174.666580,0.000000,r,61,106,128,191,219,247,268,288,310,324,339,358,390,415,461,541,628,669,823,1494,1551,1656,262.153912,2747373.000000,10480,w,8,10,2527,3486,3551,3603,3645,3687,3725,3743,3761,3780,3801,3815,3832,3858,3890,3912,3962,4053,4100,4364,2976.246861,3092621089.000000,1039101,s,2147483647,0,0,0,0,0,0,0,0,0,0,0,0,0,0,0,0,0,0,0,0,-2147483648,0,0.000000,0,c,0,0,0,0,0,0,0,0,0,0,0,0,0,0,0,0,0,0,2,3,6,322,0.004563,3899331.000000,854494684
2024-09-11-10-17-59,4,540,59.999969,/blk/mp0,745,uniform-shuffle,"",110001.000000,17500.166016,60,1,0.990000,67.500038,0.683334,17281.474609,176.900085,0.000000,r,61,105,122,180,214,245,267,288,310,323,339,360,393,418,462,542,632,693,796,1549,1605,1672,261.158847,2771940.000000,10614,w,8,10,1825,3448,3560,3617,3655,3689,3721,3737,3754,3772,3793,3807,3824,3851,3883,3905,3958,4031,4108,4210,2962.240968,3071512113.000000,1036888,s,2147483647,0,0,0,0,0,0,0,0,0,0,0,0,0,0,0,0,0,0,0,0,-2147483648,0,0.000000,0,c,0,0,0,0,0,0,0,0,0,0,0,0,0,0,0,0,0,0,2,3,6,323,0.004549,3892263.000000,855593247
2024-09-11-10-17-59,4,600,60.000061,/blk/mp0,745,uniform-shuffle,"",110001.000000,17500.166016,60,1,0.990000,67.749931,0.666666,17347.765625,173.499817,0.000000,r,61,107,184,215,233,255,273,292,313,325,340,361,391,419,469,544,624,665,768,1544,1732,1836,270.302113,2813845.000000,10410,w,8,10,3425,3528,3559,3602,3639,3680,3727,3750,3772,3793,3817,3832,3850,3877,3911,3933,3978,4043,4145,4216,3074.798254,3200456034.000000,1040867,s,2147483647,0,0,0,0,0,0,0,0,0,0,0,0,0,0,0,0,0,0,0,0,-2147483648,0,0.000000,0,c,0,0,0,0,0,0,0,0,0,0,0,0,0,0,0,0,0,0,2,3,6,322,0.004567,3905723.000000,855161476
2024-09-11-10-17-59,4,660,60.000000,/blk/mp0,745,uniform-shuffle,"",110001.000000,17500.166016,60,1,0.990000,67.650002,0.683333,17319.433594,175.050003,0.000000,r,61,106,129,195,221,248,269,289,311,325,341,362,392,417,459,546,630,687,1120,1619,1819,1858,263.845378,2771168.000000,10503,w,8,9,2342,3478,3543,3599,3647,3694,3738,3758,3778,3798,3822,3837,3856,3883,3916,3939,3990,4072,4165,7013,2974.482680,3090981269.000000,1039166,s,2147483647,0,0,0,0,0,0,0,0,0,0,0,0,0,0,0,0,0,0,0,0,-2147483648,0,0.000000,0,c,0,0,0,0,0,0,0,0,0,0,0,0,0,0,0,0,0,0,2,3,6,340,0.004545,3890270.000000,856015984
2024-09-11-10-17-59,4,720,59.999939,/blk/mp0,745,uniform-shuffle,"",110001.000000,17500.166016,60,1,0.990000,67.750069,0.683334,17344.068359,175.150177,0.000000,r,61,107,176,212,228,252,272,291,313,327,341,360,395,422,473,552,649,710,908,1661,1755,1822,269.818251,2835520.000000,10509,w,8,10,3399,3519,3551,3596,3638,3684,3735,3757,3779,3800,3824,3839,3857,3883,3915,3938,3982,4041,4072,7270,3059.940464,3184305624.000000,1040643,s,2147483647,0,0,0,0,0,0,0,0,0,0,0,0,0,0,0,0,0,0,0,0,-2147483648,0,0.000000,0,c,0,0,0,0,0,0,0,0,0,0,0,0,0,0,0,0,0,0,2,3,6,323,0.004561,3901110.000000,855300987
2024-09-11-10-17-59,4,780,60.000000,/blk/mp0,745,uniform-shuffle,"",110001.000000,17500.166016,60,1,0.990000,67.633331,0.666667,17316.382812,172.866669,0.000000,r,61,106,148,204,224,250,271,290,311,323,338,357,388,414,459,539,617,664,772,1101,1451,1829,264.123216,2739486.000000,10372,w,8,9,2951,3511,3555,3604,3647,3690,3731,3749,3768,3788,3811,3825,3843,3871,3904,3926,3976,4043,4159,4216,2995.115489,3111874076.000000,1038983,s,2147483647,0,0,0,0,0,0,0,0,0,0,0,0,0,0,0,0,0,0,0,0,-2147483648,0,0.000000,0,c,0,0,0,0,0,0,0,0,0,0,0,0,0,0,0,0,0,0,2,3,6,321,0.004558,3899297.000000,855478549
2024-09-11-10-17-59,4,840,60.000061,/blk/mp0,745,uniform-shuffle,"",110001.000000,17500.166016,60,1,0.990000,67.666595,0.666666,17324.166016,174.149826,0.000000,r,61,105,119,169,210,243,266,287,310,323,340,360,393,418,462,544,636,682,822,1472,1598,1815,259.346636,2709913.000000,10449,w,8,9,1097,3368,3527,3599,3643,3681,3716,3734,3752,3772,3795,3808,3826,3854,3888,3911,3967,4112,4338,4369,2901.898756,3016381564.000000,1039451,s,2147483647,0,0,0,0,0,0,0,0,0,0,0,0,0,0,0,0,0,0,0,0,-2147483648,0,0.000000,0,c,0,0,0,0,0,0,0,0,0,0,0,0,0,0,0,0,0,0,2,3,6,318,0.004550,3888130.000000,854513082
2024-09-11-10-17-59,4,900,59.999939,/blk/mp0,745,uniform-shuffle,"",110001.000000,17500.166016,60,1,0.990000,67.700066,0.666667,17331.800781,173.700180,0.000000,r,61,106,136,197,221,248,269,288,311,325,339,359,389,414,458,550,624,680,804,1118,1433,1618,263.181251,2742875.000000,10422,w,8,10,3163,3509,3557,3608,3648,3687,3725,3743,3762,3781,3804,3818,3836,3864,3896,3919,3975,4136,4319,4401,3020.429744,3140966034.000000,1039907,s,2147483647,0,0,0,0,0,0,0,0,0,0,0,0,0,0,0,0,0,0,0,0,-2147483648,0,0.000000,0,c,0,0,0,0,0,0,0,0,0,0,0,0,0,0,0,0,0,0,2,3,6,322,0.004555,3901952.000000,856652356
2024-09-11-10-17-59,4,960,60.000000,/blk/mp0,745,uniform-shuffle,"",110001.000000,17500.166016,60,1,0.990000,67.699997,0.683333,17332.267578,176.366669,0.000000,r,61,105,119,166,208,241,264,284,306,319,334,355,386,409,454,541,631,689,867,1553,1604,1630,256.454545,2713802.000000,10582,w,8,9,1295,3403,3540,3600,3642,3682,3720,3738,3756,3775,3798,3812,3830,3857,3889,3910,3961,4075,4264,5697,2918.576929,3035133217.000000,1039936,s,2147483647,0,0,0,0,0,0,0,0,0,0,0,0,0,0,0,0,0,0,0,0,-2147483648,0,0.000000,0,c,0,0,0,0,0,0,0,0,0,0,0,0,0,0,0,0,0,0,2,3,6,321,0.004536,3886501.000000,856771466
2024-09-11-10-39-44,4,60,59.999908,/blk/mp0,745,uniform-shuffle,"",100001.000000,15833.500000,60,1,0.990000,61.350094,0.600001,15708.940430,156.016907,0.000000,r,61,66,105,109,117,217,271,302,330,346,364,386,414,436,471,558,640,703,817,985,985,1459,250.323577,2343279.000000,9361,w,8,9,9,10,14,3707,3913,4011,4090,4125,4158,4190,4230,4262,4322,4484,4559,4598,4665,4714,4746,4757,2678.390632,2524476914.000000,942535,s,19999,0,0,0,0,0,0,0,0,0,0,0,0,0,0,0,0,0,0,0,0,0,0,0.000000,0,c,0,0,0,0,0,0,0,0,0,0,0,0,0,0,0,0,0,0,2,3,5,47,0.004290,3707445.000000,864242419
2024-09-11-10-39-44,4,120,59.999973,/blk/mp0,745,uniform-shuffle,"",100001.000000,15833.500000,60,1,0.990000,61.233360,0.616667,15679.523438,159.600067,0.000000,r,61,74,107,113,120,234,281,310,339,353,372,394,424,449,492,573,658,718,856,1596,1596,3099,260.088137,2490604.000000,9576,w,8,9,10,11,618,3852,3982,4046,4098,4120,4143,4167,4194,4211,4232,4264,4302,4328,4390,4523,4665,4682,2740.541167,2578221654.000000,940771,s,2147483647,0,0,0,0,0,0,0,0,0,0,0,0,0,0,0,0,0,0,0,0,-2147483648,0,0.000000,0,c,0,0,0,0,0,0,0,0,0,0,0,0,0,0,0,0,0,0,2,3,5,417,0.004281,3703711.000000,865224654
2024-09-11-10-39-44,4,180,60.000008,/blk/mp0,745,uniform-shuffle,"",100001.000000,15833.500000,60,1,0.990000,61.149994,0.616667,15655.130859,159.383316,0.000000,r,61,74,106,110,119,222,276,306,332,349,367,386,419,445,489,571,667,725,918,1587,1587,1645,255.307644,2441507.000000,9563,w,8,9,9,10,328,3822,3961,4026,4083,4110,4134,4159,4186,4203,4223,4254,4294,4320,4382,4508,4610,4706,2697.071314,2533380662.000000,939308,s,2147483647,0,0,0,0,0,0,0,0,0,0,0,0,0,0,0,0,0,0,0,0,-2147483648,0,0.000000,0,c,0,0,0,0,0,0,0,0,0,0,0,0,0,0,0,0,0,0,2,3,5,327,0.004291,3706397.000000,863846700
2024-09-11-10-39-44,4,240,60.000015,/blk/mp0,745,uniform-shuffle,"",100001.000000,15833.500000,60,1,0.990000,61.283318,0.600000,15691.262695,156.983292,0.000000,r,61,74,106,110,118,211,272,304,331,347,363,387,419,442,482,563,653,714,885,1695,1695,1857,252.564497,2378905.000000,9419,w,8,9,10,10,536,3791,3959,4025,4079,4105,4130,4156,4186,4204,4226,4259,4298,4327,4388,4496,4657,6124,2687.116880,2529856052.000000,941476,s,2147483647,0,0,0,0,0,0,0,0,0,0,0,0,0,0,0,0,0,0,0,0,-2147483648,0,0.000000,0,c,0,0,0,0,0,0,0,0,0,0,0,0,0,0,0,0,0,0,2,3,5,318,0.004314,3726770.000000,863925963
2024-09-11-10-39-44,4,300,60.000000,/blk/mp0,745,uniform-shuffle,"",100001.000000,15833.500000,60,1,0.990000,61.233334,0.616667,15678.033203,159.316666,0.000000,r,61,74,106,110,118,200,270,299,328,344,362,383,413,435,474,554,637,691,805,1566,1566,1626,248.817763,2378449.000000,9559,w,8,9,10,10,23,3718,3950,4029,4089,4117,4143,4169,4198,4216,4239,4272,4311,4337,4406,4544,4623,7238,2640.918745,2484264727.000000,940682,s,2147483647,0,0,0,0,0,0,0,0,0,0,0,0,0,0,0,0,0,0,0,0,-2147483648,0,0.000000,0,c,0,0,0,0,0,0,0,0,0,0,0,0,0,0,0,0,0,0,2,3,6,307,0.004446,3827781.000000,860922725
2024-09-11-10-39-44,4,360,59.999969,/blk/mp0,745,uniform-shuffle,"",100001.000000,15833.500000,60,1,0.990000,61.266697,0.600000,15686.057617,154.583405,0.000000,r,61,74,107,109,118,220,273,301,330,346,363,384,415,439,476,563,662,720,855,1737,1737,1889,252.832884,2345025.000000,9275,w,8,9,10,11,734,3831,3970,4032,4081,4104,4127,4150,4177,4193,4214,4245,4280,4303,4358,4496,4741,6801,2715.714935,2555930415.000000,941163,s,2147483647,0,0,0,0,0,0,0,0,0,0,0,0,0,0,0,0,0,0,0,0,-2147483648,0,0.000000,0,c,0,0,0,0,0,0,0,0,0,0,0,0,0,0,0,0,0,0,2,3,6,319,0.004508,3861636.000000,856593179
2024-09-11-10-39-44,4,420,60.000000,/blk/mp0,745,uniform-shuffle,"",100001.000000,15833.500000,60,1,0.990000,61.266666,0.600000,15686.783203,155.550003,0.000000,r,61,74,106,108,116,158,254,292,320,337,354,377,409,430,468,546,642,703,828,1442,1442,1943,240.695811,2246414.000000,9333,w,8,9,10,10,16,2965,3940,4018,4071,4095,4117,4140,4167,4183,4203,4236,4274,4298,4358,4471,4623,4755,2541.380399,2391965021.000000,941207,s,2147483647,0,0,0,0,0,0,0,0,0,0,0,0,0,0,0,0,0,0,0,0,-2147483648,0,0.000000,0,c,0,0,0,0,0,0,0,0,0,0,0,0,0,0,0,0,0,0,2,3,6,329,0.004489,3844809.000000,856533475
2024-09-11-10-39-44,4,480,60.000031,/blk/mp0,745,uniform-shuffle,"",100001.000000,15833.500000,60,1,0.990000,61.183304,0.616666,15664.541992,158.283249,0.000000,r,61,73,106,108,114,134,235,285,317,332,351,375,404,427,469,552,654,714,859,1806,1806,1836,234.747499,2229397.000000,9497,w,8,9,10,10,19,2570,3895,4003,4065,4091,4115,4139,4166,4182,4203,4235,4276,4303,4380,4523,4703,7401,2502.318740,2351861821.000000,939873,s,2147483647,0,0,0,0,0,0,0,0,0,0,0,0,0,0,0,0,0,0,0,0,-2147483648,0,0.000000,0,c,0,0,0,0,0,0,0,0,0,0,0,0,0,0,0,0,0,0,2,3,6,322,0.004469,3823597.000000,855574791
2024-09-11-10-39-44,4,540,60.000031,/blk/mp0,745,uniform-shuffle,"",100001.000000,15833.500000,60,1,0.990000,61.249969,0.616666,15683.175781,158.266586,0.000000,r,61,74,106,109,119,216,270,303,331,347,362,385,414,438,477,553,656,713,973,1896,1896,1976,252.280223,2395653.000000,9496,w,8,9,10,10,368,3833,3971,4037,4089,4112,4134,4157,4184,4199,4220,4252,4290,4313,4367,4499,4733,6205,2716.976916,2556650825.000000,940991,s,2147483647,0,0,0,0,0,0,0,0,0,0,0,0,0,0,0,0,0,0,0,0,-2147483648,0,0.000000,0,c,0,0,0,0,0,0,0,0,0,0,0,0,0,0,0,0,0,0,2,3,6,330,0.004506,3864009.000000,857436786
2024-09-11-10-39-44,4,600,60.000000,/blk/mp0,745,uniform-shuffle,"",100001.000000,15833.500000,60,1,0.990000,61.183334,0.616667,15665.783203,158.116669,0.000000,r,61,70,106,109,117,182,264,298,327,345,362,384,415,439,477,553,644,701,833,1616,1616,1720,246.492358,2338473.000000,9487,w,8,9,10,10,79,3693,3967,4038,4089,4112,4133,4156,4182,4198,4218,4250,4289,4318,4393,4579,4762,4818,2636.934995,2478579138.000000,939947,s,2147483647,0,0,0,0,0,0,0,0,0,0,0,0,0,0,0,0,0,0,0,0,-2147483648,0,0.000000,0,c,0,0,0,0,0,0,0,0,0,0,0,0,0,0,0,0,0,0,2,3,6,323,0.004489,3846138.000000,856727140
2024-09-11-10-39-44,4,660,59.999939,/blk/mp0,745,uniform-shuffle,"",100001.000000,15833.500000,60,1,0.990000,61.266727,0.600001,15688.066406,157.666824,0.000000,r,61,70,106,108,117,164,255,292,324,340,359,381,411,434,472,550,640,709,875,1652,1652,1783,242.532347,2294356.000000,9460,w,8,9,10,10,14,3634,3949,4022,4074,4097,4119,4142,4169,4185,4206,4237,4276,4303,4365,4531,4652,5478,2608.969934,2455779046.000000,941283,s,2147483647,0,0,0,0,0,0,0,0,0,0,0,0,0,0,0,0,0,0,0,0,-2147483648,0,0.000000,0,c,0,0,0,0,0,0,0,0,0,0,0,0,0,0,0,0,0,0,2,3,6,326,0.004487,3844199.000000,856683960
2024-09-11-10-39-44,4,720,60.000000,/blk/mp0,745,uniform-shuffle,"",100001.000000,15833.500000,60,1,0.990000,61.250000,0.600000,15680.950195,157.766663,0.000000,r,61,74,106,111,119,215,270,300,329,346,364,386,415,437,471,553,632,684,792,979,979,1455,250.778893,2373873.000000,9466,w,8,9,10,10,488,3807,3951,4032,4090,4116,4143,4171,4204,4222,4246,4280,4321,4345,4403,4499,4591,7106,2721.546475,2560586052.000000,940857,s,2147483647,0,0,0,0,0,0,0,0,0,0,0,0,0,0,0,0,0,0,0,0,-2147483648,0,0.000000,0,c,0,0,0,0,0,0,0,0,0,0,0,0,0,0,0,0,0,0,2,3,6,310,0.004508,3863337.000000,857076978
2024-09-11-10-39-44,4,780,60.000000,/blk/mp0,745,uniform-shuffle,"",100001.000000,15833.500000,60,1,0.990000,61.250000,0.616667,15682.349609,158.516663,0.000000,r,61,73,106,108,116,145,249,290,321,338,356,378,409,430,466,547,658,722,904,1754,1754,1760,239.217222,2275195.000000,9511,w,8,9,10,10,12,2764,3912,4004,4069,4097,4124,4150,4180,4197,4219,4252,4290,4316,4378,4493,4625,4743,2513.465342,2365022592.000000,940941,s,2147483647,0,0,0,0,0,0,0,0,0,0,0,0,0,0,0,0,0,0,0,0,-2147483648,0,0.000000,0,c,0,0,0,0,0,0,0,0,0,0,0,0,0,0,0,0,0,0,2,3,6,322,0.004475,3834110.000000,856871736
2024-09-11-10-39-44,4,840,60.000000,/blk/mp0,745,uniform-shuffle,"",100001.000000,15833.500000,60,1,0.990000,61.200001,0.616667,15670.466797,161.716660,0.000000,r,61,72,106,108,116,160,257,293,325,341,359,380,412,435,472,557,648,706,900,1373,1373,1853,242.578790,2353742.000000,9703,w,8,9,10,10,131,3505,3954,4025,4077,4099,4120,4144,4172,4189,4210,4242,4278,4304,4360,4474,4616,5254,2590.349747,2435519362.000000,940228,s,2147483647,0,0,0,0,0,0,0,0,0,0,0,0,0,0,0,0,0,0,0,0,-2147483648,0,0.000000,0,c,0,0,0,0,0,0,0,0,0,0,0,0,0,0,0,0,0,0,2,3,6,309,0.004483,3840000.000000,856502835
2024-09-11-10-39-44,4,900,60.000061,/blk/mp0,745,uniform-shuffle,"",100001.000000,15833.500000,60,1,0.990000,61.166603,0.616666,15662.416992,158.049835,0.000000,r,61,71,106,109,117,192,267,301,331,345,363,385,414,436,475,548,644,702,831,1521,1521,1861,248.654540,2357991.000000,9483,w,8,9,10,10,16,3674,3956,4030,4087,4112,4135,4159,4185,4201,4222,4253,4292,4318,4379,4478,4522,6772,2620.554393,2462655509.000000,939746,s,2147483647,0,0,0,0,0,0,0,0,0,0,0,0,0,0,0,0,0,0,0,0,-2147483648,0,0.000000,0,c,0,0,0,0,0,0,0,0,0,0,0,0,0,0,0,0,0,0,2,3,6,323,0.004486,3843411.000000,856702915
2024-09-11-10-39-44,4,960,60.000000,/blk/mp0,745,uniform-shuffle,"",100001.000000,15833.500000,60,1,0.990000,61.266666,0.600000,15684.400391,157.716660,0.000000,r,61,68,106,109,118,204,268,300,328,345,362,383,414,437,477,562,661,699,829,1587,1587,1657,249.353799,2359635.000000,9463,w,8,9,10,10,12,3747,3956,4028,4088,4113,4136,4160,4186,4202,4222,4254,4291,4318,4373,4457,4567,4602,2631.076710,2476011573.000000,941064,s,2147483647,0,0,0,0,0,0,0,0,0,0,0,0,0,0,0,0,0,0,0,0,-2147483648,0,0.000000,0,c,0,0,0,0,0,0,0,0,0,0,0,0,0,0,0,0,0,0,2,3,6,336,0.004492,3849733.000000,856967411
2024-09-11-11-01-28,4,60,64.103592,/blk/mp0,745,uniform-shuffle,"",90001.000000,14166.833008,60,1,0.990000,54.817520,0.545991,14033.956055,142.753311,0.000000,r,61,64,75,103,106,110,120,184,291,324,358,392,435,466,505,587,701,799,1291,2002,2002,3836,210.960441,1930499.000000,9151,w,8,9,9,9,10,12,1864,3552,4228,4375,4478,4554,4668,4751,4832,4938,5979,7206,18567,19998,19998,19998,2191.244235,1971302477.000000,899627,s,19999,0,0,0,0,0,0,0,0,0,0,0,0,0,0,0,0,0,0,0,0,0,0,0.000000,0,c,0,0,0,0,0,0,0,0,0,0,0,0,0,0,0,0,0,0,2,3,5,158,0.003551,3301545.000000,929810106
2024-09-11-11-01-28,4,120,55.896477,/blk/mp0,745,uniform-shuffle,"",90001.000000,14166.833008,60,1,0.990000,54.797729,0.554597,14029.184570,144.016235,0.000000,r,61,64,75,87,105,109,118,143,271,315,348,382,420,442,472,538,630,689,863,1722,1722,1954,197.248323,1587849.000000,8050,w,8,9,9,9,10,11,986,3258,4284,4412,4489,4549,4640,4717,4791,4867,4934,4981,5079,5202,5313,5446,2010.116169,1576296918.000000,784182,s,2147483647,0,0,0,0,0,0,0,0,0,0,0,0,0,0,0,0,0,0,0,0,-2147483648,0,0.000000,0,c,0,0,0,0,0,0,0,0,0,0,0,0,0,0,0,0,0,0,2,3,6,355,0.003648,2972892.000000,814965268
2024-09-11-11-01-28,4,180,60.000008,/blk/mp0,745,uniform-shuffle,"",90001.000000,14166.833008,60,1,0.990000,54.799992,0.550000,14030.898438,141.416641,0.000000,r,61,64,75,83,105,108,117,134,251,308,344,376,413,437,471,538,639,710,996,1721,1721,1725,193.538362,1642173.000000,8485,w,8,9,9,9,10,11,915,2763,4184,4353,4465,4532,4621,4714,4801,4880,4946,4991,5081,5205,5312,5418,1948.032782,1639959190.000000,841854,s,2147483647,0,0,0,0,0,0,0,0,0,0,0,0,0,0,0,0,0,0,0,0,-2147483648,0,0.000000,0,c,0,0,0,0,0,0,0,0,0,0,0,0,0,0,0,0,0,0,2,3,6,315,0.003671,3186142.000000,867903649
2024-09-11-11-01-28,4,240,60.000000,/blk/mp0,745,uniform-shuffle,"",90001.000000,14166.833008,60,1,0.990000,54.799999,0.566667,14029.233398,145.600006,0.000000,r,61,64,75,80,105,108,117,131,230,295,334,369,410,433,466,524,609,673,835,1381,1381,1518,188.381868,1645704.000000,8736,w,8,9,9,9,10,11,866,2564,4073,4330,4445,4520,4612,4688,4778,4864,4933,4972,5063,5246,5378,5451,1899.258418,1598708370.000000,841754,s,2147483647,0,0,0,0,0,0,0,0,0,0,0,0,0,0,0,0,0,0,0,0,-2147483648,0,0.000000,0,c,0,0,0,0,0,0,0,0,0,0,0,0,0,0,0,0,0,0,2,3,6,312,0.003668,3185653.000000,868525395
2024-09-11-11-01-28,4,300,60.000046,/blk/mp0,745,uniform-shuffle,"",90001.000000,14166.833008,60,1,0.990000,54.799957,0.550000,14032.022461,142.566559,0.000000,r,61,64,75,79,105,108,117,127,213,288,331,367,406,431,464,528,629,717,895,1700,1700,1709,186.807692,1597953.000000,8554,w,8,9,9,9,10,11,767,2716,4153,4327,4438,4516,4611,4687,4778,4858,4924,4962,5041,5163,5236,6061,1908.994085,1607224118.000000,841922,s,2147483647,0,0,0,0,0,0,0,0,0,0,0,0,0,0,0,0,0,0,0,0,-2147483648,0,0.000000,0,c,0,0,0,0,0,0,0,0,0,0,0,0,0,0,0,0,0,0,2,3,6,314,0.003727,3233405.000000,867513536
2024-09-11-11-01-28,4,360,59.999969,/blk/mp0,745,uniform-shuffle,"",90001.000000,14166.833008,60,1,0.990000,54.850029,0.550000,14043.240234,141.350067,0.000000,r,61,64,75,84,105,108,117,134,246,307,344,381,415,440,470,540,627,698,852,1771,1771,1784,192.951539,1636422.000000,8481,w,8,9,9,9,10,11,945,2826,4157,4337,4449,4518,4607,4699,4794,4873,4943,4989,5086,5302,5637,5672,1950.392693,1643389181.000000,842594,s,2147483647,0,0,0,0,0,0,0,0,0,0,0,0,0,0,0,0,0,0,0,0,-2147483648,0,0.000000,0,c,0,0,0,0,0,0,0,0,0,0,0,0,0,0,0,0,0,0,2,3,6,309,0.003772,3244526.000000,860175905
2024-09-11-11-01-28,4,420,60.000000,/blk/mp0,745,uniform-shuffle,"",90001.000000,14166.833008,60,1,0.990000,54.766666,0.533333,14022.900391,139.649994,0.000000,r,61,64,75,84,105,108,117,128,222,294,337,371,414,439,475,530,617,684,804,953,953,978,188.315193,1577893.000000,8379,w,8,9,9,9,10,10,716,2574,4140,4341,4455,4524,4619,4705,4781,4854,4916,4956,5048,5234,5416,5481,1892.599768,1592384237.000000,841374,s,2147483647,0,0,0,0,0,0,0,0,0,0,0,0,0,0,0,0,0,0,0,0,-2147483648,0,0.000000,0,c,0,0,0,0,0,0,0,0,0,0,0,0,0,0,0,0,0,0,2,3,6,325,0.003772,3243273.000000,859790658
2024-09-11-11-01-28,4,480,60.000000,/blk/mp0,745,uniform-shuffle,"",90001.000000,14166.833008,60,1,0.990000,54.816666,0.550000,14037.000000,141.350006,0.000000,r,61,64,75,78,105,108,117,136,257,311,347,381,414,439,475,537,636,707,889,1400,1400,1507,194.453248,1649158.000000,8481,w,8,9,9,9,10,11,1096,3121,4239,4398,4473,4534,4633,4727,4798,4872,4934,4971,5055,5207,5426,5770,2002.361089,1686428556.000000,842220,s,2147483647,0,0,0,0,0,0,0,0,0,0,0,0,0,0,0,0,0,0,0,0,-2147483648,0,0.000000,0,c,0,0,0,0,0,0,0,0,0,0,0,0,0,0,0,0,0,0,2,3,6,315,0.003764,3259526.000000,866062320
2024-09-11-11-01-28,4,540,59.999969,/blk/mp0,745,uniform-shuffle,"",90001.000000,14166.833008,60,1,0.990000,54.666695,0.550000,13995.190430,141.683411,0.000000,r,61,64,75,91,105,108,118,136,248,305,340,373,412,435,466,526,625,680,854,1584,1584,1866,192.659805,1637801.000000,8501,w,8,9,9,9,10,11,1044,2938,4234,4389,4471,4538,4635,4723,4802,4877,4947,4986,5076,5216,5346,5438,1979.502409,1662209947.000000,839711,s,2147483647,0,0,0,0,0,0,0,0,0,0,0,0,0,0,0,0,0,0,0,0,-2147483648,0,0.000000,0,c,0,0,0,0,0,0,0,0,0,0,0,0,0,0,0,0,0,0,2,3,6,318,0.003782,3254169.000000,860409682
2024-09-11-11-01-28,4,600,60.000061,/blk/mp0,745,uniform-shuffle,"",90001.000000,14166.833008,60,1,0.990000,54.733276,0.549999,14013.085938,141.483185,0.000000,r,61,65,75,85,105,108,117,135,241,300,337,371,408,429,470,527,631,681,873,1423,1423,1731,190.957239,1621036.000000,8489,w,8,9,9,9,10,11,1145,2893,4182,4366,4457,4519,4612,4709,4791,4864,4927,4966,5067,5248,5362,7759,1973.078706,1658936953.000000,840786,s,2147483647,0,0,0,0,0,0,0,0,0,0,0,0,0,0,0,0,0,0,0,0,-2147483648,0,0.000000,0,c,0,0,0,0,0,0,0,0,0,0,0,0,0,0,0,0,0,0,2,3,6,313,0.003765,3254310.000000,864328194
2024-09-11-11-01-28,4,660,59.999939,/blk/mp0,745,uniform-shuffle,"",90001.000000,14166.833008,60,1,0.990000,54.850056,0.566667,14043.130859,145.816818,0.000000,r,61,64,75,83,105,108,117,132,228,295,340,375,411,437,472,531,626,686,903,1466,1466,1644,190.457767,1666315.000000,8749,w,8,9,9,9,10,11,824,2749,4156,4329,4456,4526,4614,4705,4805,4878,4942,4980,5057,5212,5309,6290,1933.089830,1628796361.000000,842587,s,2147483647,0,0,0,0,0,0,0,0,0,0,0,0,0,0,0,0,0,0,0,0,-2147483648,0,0.000000,0,c,0,0,0,0,0,0,0,0,0,0,0,0,0,0,0,0,0,0,2,3,6,314,0.003760,3261578.000000,867429259
2024-09-11-11-01-28,4,720,60.000061,/blk/mp0,745,uniform-shuffle,"",90001.000000,14166.833008,60,1,0.990000,54.799946,0.549999,14030.985352,142.666519,0.000000,r,61,65,75,101,106,110,119,161,286,322,355,385,421,445,480,548,660,729,883,1389,1389,1748,203.180841,1739228.000000,8560,w,8,9,9,9,10,11,1286,3500,4301,4419,4492,4553,4646,4728,4807,4882,4954,4998,5094,5246,5389,5475,2067.216254,1740306676.000000,841860,s,2147483647,0,0,0,0,0,0,0,0,0,0,0,0,0,0,0,0,0,0,0,0,-2147483648,0,0.000000,0,c,0,0,0,0,0,0,0,0,0,0,0,0,0,0,0,0,0,0,2,3,6,315,0.003767,3268302.000000,867551686
2024-09-11-11-01-28,4,780,59.999939,/blk/mp0,745,uniform-shuffle,"",90001.000000,14166.833008,60,1,0.990000,54.783390,0.533334,14028.697266,138.883469,0.000000,r,61,65,75,99,105,108,118,137,247,302,341,374,413,438,474,537,656,734,842,1284,1284,1333,193.473659,1612216.000000,8333,w,8,9,9,9,10,12,1114,2853,4178,4368,4468,4533,4617,4695,4775,4850,4919,4960,5048,5174,5283,5397,1971.328773,1659308826.000000,841721,s,2147483647,0,0,0,0,0,0,0,0,0,0,0,0,0,0,0,0,0,0,0,0,-2147483648,0,0.000000,0,c,0,0,0,0,0,0,0,0,0,0,0,0,0,0,0,0,0,0,2,3,6,320,0.003754,3259356.000000,868269824
2024-09-11-11-01-28,4,840,60.000061,/blk/mp0,745,uniform-shuffle,"",90001.000000,14166.833008,60,1,0.990000,54.933277,0.549999,14063.552734,143.716522,0.000000,r,61,65,75,102,106,109,119,153,287,325,353,381,417,440,476,533,638,707,839,985,985,1166,200.768526,1731227.000000,8623,w,8,9,9,9,10,12,1508,3695,4319,4416,4489,4560,4663,4732,4799,4869,4930,4970,5070,5214,5357,7515,2114.902227,1784584108.000000,843814,s,2147483647,0,0,0,0,0,0,0,0,0,0,0,0,0,0,0,0,0,0,0,0,-2147483648,0,0.000000,0,c,0,0,0,0,0,0,0,0,0,0,0,0,0,0,0,0,0,0,2,3,6,330,0.003787,3273107.000000,864236470
2024-09-11-11-01-28,4,900,59.999939,/blk/mp0,745,uniform-shuffle,"",90001.000000,14166.833008,60,1,0.990000,54.633389,0.533334,13989.998047,138.833481,0.000000,r,61,65,76,104,106,110,119,144,267,313,348,380,417,439,472,541,650,731,902,1205,1205,1413,198.041297,1649684.000000,8330,w,8,9,9,9,10,11,1138,2894,4225,4375,4465,4534,4626,4703,4777,4847,4911,4949,5039,5204,5295,6234,1985.881835,1666947226.000000,839399,s,2147483647,0,0,0,0,0,0,0,0,0,0,0,0,0,0,0,0,0,0,0,0,-2147483648,0,0.000000,0,c,0,0,0,0,0,0,0,0,0,0,0,0,0,0,0,0,0,0,2,3,6,317,0.003767,3245387.000000,861538272
2024-09-11-11-01-28,4,960,60.000000,/blk/mp0,745,uniform-shuffle,"",90001.000000,14166.833008,60,1,0.990000,54.783333,0.550000,14025.716797,143.066666,0.000000,r,61,64,75,93,106,109,118,134,231,298,340,373,408,433,469,531,626,713,898,1648,1648,1860,191.112069,1640506.000000,8584,w,8,9,9,9,10,11,1075,3027,4172,4338,4446,4524,4619,4703,4795,4874,4948,4996,5115,5231,5369,7470,1980.478216,1666657579.000000,841543,s,2147483647,0,0,0,0,0,0,0,0,0,0,0,0,0,0,0,0,0,0,0,0,-2147483648,0,0.000000,0,c,0,0,0,0,0,0,0,0,0,0,0,0,0,0,0,0,0,0,2,3,6,309,0.003766,3254801.000000,864336333
2024-09-11-11-23-13,4,60,60.000114,/blk/mp0,745,uniform-shuffle,"",80001.000000,12500.166992,60,1,0.990000,48.349907,0.483332,12380.709961,125.266426,0.000000,r,61,64,69,75,78,106,109,118,139,181,273,361,422,459,501,572,674,750,901,1220,1220,1270,172.772885,1298561.000000,7516,w,8,9,9,9,9,10,16,1301,3069,4199,4750,4953,5103,5214,5368,5469,5550,5599,5704,5838,6049,6138,1716.673736,1275220785.000000,742844,s,19999,0,0,0,0,0,0,0,0,0,0,0,0,0,0,0,0,0,0,0,0,0,0,0.000000,0,c,0,0,0,0,0,0,0,0,0,0,0,0,0,0,0,0,0,0,2,3,5,108,0.003167,2806906.000000,886159509
2024-09-11-11-23-13,4,120,59.999931,/blk/mp0,745,uniform-shuffle,"",80001.000000,12500.166992,60,1,0.990000,48.316723,0.483334,12372.013672,126.300148,0.000000,r,61,63,66,75,76,106,109,118,136,171,256,363,428,459,505,572,671,740,886,1362,1362,1548,171.313407,1298213.000000,7578,w,8,9,9,9,9,10,11,918,2828,3992,4700,4924,5062,5217,5393,5502,5596,5659,5752,5910,6055,6188,1634.626503,1213415946.000000,742320,s,2147483647,0,0,0,0,0,0,0,0,0,0,0,0,0,0,0,0,0,0,0,0,-2147483648,0,0.000000,0,c,0,0,0,0,0,0,0,0,0,0,0,0,0,0,0,0,0,0,2,3,5,326,0.003151,2792203.000000,886002821
2024-09-11-11-23-13,4,180,60.000031,/blk/mp0,745,uniform-shuffle,"",80001.000000,12500.166992,60,1,0.990000,48.266644,0.483333,12357.660156,124.266602,0.000000,r,61,64,67,75,76,106,109,118,142,183,281,368,430,466,508,580,657,760,1153,1712,1712,1973,174.780714,1303165.000000,7456,w,8,9,9,9,9,10,11,1117,3207,4176,4712,4952,5095,5227,5389,5507,5600,5651,5747,5975,6139,6240,1698.280932,1259207380.000000,741460,s,2147483647,0,0,0,0,0,0,0,0,0,0,0,0,0,0,0,0,0,0,0,0,-2147483648,0,0.000000,0,c,0,0,0,0,0,0,0,0,0,0,0,0,0,0,0,0,0,0,2,3,5,318,0.003150,2791555.000000,886114554
2024-09-11-11-23-13,4,240,60.000046,/blk/mp0,745,uniform-shuffle,"",80001.000000,12500.166992,60,1,0.990000,48.449963,0.483333,12406.041016,123.816574,0.000000,r,61,64,67,75,76,105,108,117,129,160,235,348,415,447,497,555,652,736,931,1358,1358,1573,166.744380,1238744.000000,7429,w,8,9,9,9,9,10,11,812,2569,3679,4562,4902,5042,5160,5360,5476,5559,5606,5696,5960,6307,6364,1583.115813,1178412836.000000,744363,s,2147483647,0,0,0,0,0,0,0,0,0,0,0,0,0,0,0,0,0,0,0,0,-2147483648,0,0.000000,0,c,0,0,0,0,0,0,0,0,0,0,0,0,0,0,0,0,0,0,2,3,5,309,0.003156,2794794.000000,885629798
2024-09-11-11-23-13,4,300,60.000000,/blk/mp0,745,uniform-shuffle,"",80001.000000,12500.166992,60,1,0.990000,48.349998,0.483333,12379.849609,124.183334,0.000000,r,61,64,66,75,76,105,108,117,126,150,198,318,401,435,486,563,659,722,916,1332,1332,1652,161.406791,1202642.000000,7451,w,8,9,9,9,9,10,11,706,2445,3479,4406,4846,5029,5147,5346,5471,5565,5619,5723,5864,6058,8888,1535.373563,1140461664.000000,742791,s,2147483647,0,0,0,0,0,0,0,0,0,0,0,0,0,0,0,0,0,0,0,0,-2147483648,0,0.000000,0,c,0,0,0,0,0,0,0,0,0,0,0,0,0,0,0,0,0,0,2,3,5,313,0.003167,2804162.000000,885564501
2024-09-11-11-23-13,4,360,60.000000,/blk/mp0,745,uniform-shuffle,"",80001.000000,12500.166992,60,1,0.990000,48.299999,0.500000,12367.716797,128.083328,0.000000,r,61,64,68,75,76,106,109,118,137,172,257,359,424,456,500,561,660,728,1024,1376,1376,1551,170.585556,1310950.000000,7685,w,8,9,9,9,9,10,11,818,2695,3904,4629,4899,5043,5187,5361,5462,5539,5585,5701,5952,6131,6208,1602.081191,1188845175.000000,742063,s,2147483647,0,0,0,0,0,0,0,0,0,0,0,0,0,0,0,0,0,0,0,0,-2147483648,0,0.000000,0,c,0,0,0,0,0,0,0,0,0,0,0,0,0,0,0,0,0,0,2,3,6,328,0.003341,2934394.000000,878169502
2024-09-11-11-23-13,4,420,59.999969,/blk/mp0,745,uniform-shuffle,"",80001.000000,12500.166992,60,1,0.990000,48.266693,0.500000,12359.823242,131.216736,0.000000,r,61,64,66,75,76,106,109,118,133,168,245,356,426,462,502,566,672,734,886,1073,1073,1375,169.520640,1334636.000000,7873,w,8,9,9,9,9,10,11,796,2378,3644,4580,4896,5069,5218,5371,5484,5578,5629,5723,5879,5987,7270,1562.835608,1158981696.000000,741589,s,2147483647,0,0,0,0,0,0,0,0,0,0,0,0,0,0,0,0,0,0,0,0,-2147483648,0,0.000000,0,c,0,0,0,0,0,0,0,0,0,0,0,0,0,0,0,0,0,0,2,3,6,314,0.003343,2934004.000000,877641622
2024-09-11-11-23-13,4,480,59.999969,/blk/mp0,745,uniform-shuffle,"",80001.000000,12500.166992,60,1,0.990000,48.250023,0.483334,12353.073242,124.783394,0.000000,r,61,64,66,75,76,106,109,118,141,189,300,377,439,472,518,579,668,750,967,1811,1811,2070,176.799386,1323697.000000,7487,w,8,9,9,9,9,10,11,1015,3014,4194,4761,4957,5121,5293,5407,5502,5579,5625,5720,5944,6067,8245,1677.442249,1243293356.000000,741184,s,2147483647,0,0,0,0,0,0,0,0,0,0,0,0,0,0,0,0,0,0,0,0,-2147483648,0,0.000000,0,c,0,0,0,0,0,0,0,0,0,0,0,0,0,0,0,0,0,0,2,3,6,376,0.003351,2940128.000000,877398746
2024-09-11-11-23-13,4,540,60.000061,/blk/mp0,745,uniform-shuffle,"",80001.000000,12500.166992,60,1,0.990000,48.316616,0.483333,12370.303711,124.266541,0.000000,r,61,64,67,75,76,106,109,118,136,174,272,367,430,465,507,566,632,712,919,1225,1225,1599,172.286481,1284568.000000,7456,w,8,9,9,9,9,10,11,990,2941,4069,4721,4919,5069,5280,5402,5489,5565,5611,5701,5921,6103,6196,1653.938456,1227584547.000000,742219,s,2147483647,0,0,0,0,0,0,0,0,0,0,0,0,0,0,0,0,0,0,0,0,-2147483648,0,0.000000,0,c,0,0,0,0,0,0,0,0,0,0,0,0,0,0,0,0,0,0,2,3,6,314,0.003349,2937854.000000,877332185
2024-09-11-11-23-13,4,600,60.000000,/blk/mp0,745,uniform-shuffle,"",80001.000000,12500.166992,60,1,0.990000,48.316666,0.483333,12372.500000,125.250000,0.000000,r,61,64,68,75,76,106,109,117,131,160,231,336,414,446,492,554,649,731,855,1090,1090,1891,165.899268,1246733.000000,7515,w,8,9,9,9,9,10,11,1201,3025,3950,4629,4878,5041,5191,5366,5475,5555,5605,5718,5886,6055,6161,1665.188147,1236152421.000000,742350,s,2147483647,0,0,0,0,0,0,0,0,0,0,0,0,0,0,0,0,0,0,0,0,-2147483648,0,0.000000,0,c,0,0,0,0,0,0,0,0,0,0,0,0,0,0,0,0,0,0,2,3,6,312,0.003345,2937460.000000,878038822
2024-09-11-11-23-13,4,660,60.000000,/blk/mp0,745,uniform-shuffle,"",80001.000000,12500.166992,60,1,0.990000,48.333332,0.483333,12375.849609,125.216667,0.000000,r,61,64,66,75,76,106,109,118,135,173,263,356,424,462,502,570,650,703,883,1675,1675,1905,170.810329,1283298.000000,7513,w,8,9,9,9,9,10,11,999,2972,4055,4702,4899,5057,5253,5393,5489,5568,5620,5720,5957,6359,6661,1653.719203,1227970848.000000,742551,s,2147483647,0,0,0,0,0,0,0,0,0,0,0,0,0,0,0,0,0,0,0,0,-2147483648,0,0.000000,0,c,0,0,0,0,0,0,0,0,0,0,0,0,0,0,0,0,0,0,2,3,6,314,0.003352,2941410.000000,877441081
2024-09-11-11-23-13,4,720,59.999939,/blk/mp0,745,uniform-shuffle,"",80001.000000,12500.166992,60,1,0.990000,48.200050,0.483334,12340.562500,125.333458,0.000000,r,61,64,66,75,76,105,108,117,124,148,206,321,411,446,488,549,624,697,842,1491,1491,1495,161.315691,1213094.000000,7520,w,8,9,9,9,9,10,11,810,2554,3459,4372,4825,5005,5139,5349,5465,5553,5600,5691,5890,6259,6424,1551.583819,1148843862.000000,740433,s,2147483647,0,0,0,0,0,0,0,0,0,0,0,0,0,0,0,0,0,0,0,0,-2147483648,0,0.000000,0,c,0,0,0,0,0,0,0,0,0,0,0,0,0,0,0,0,0,0,2,3,6,315,0.003331,2923258.000000,877701719
2024-09-11-11-23-13,4,780,60.000000,/blk/mp0,745,uniform-shuffle,"",80001.000000,12500.166992,60,1,0.990000,48.349998,0.483333,12380.583008,125.300003,0.000000,r,61,64,67,75,76,106,109,118,134,170,243,355,421,455,506,569,653,723,898,1621,1621,1872,169.549215,1274671.000000,7518,w,8,9,9,9,9,10,11,1044,3036,4035,4645,4906,5048,5210,5389,5489,5570,5618,5714,5940,6067,6102,1657.499259,1231248462.000000,742835,s,2147483647,0,0,0,0,0,0,0,0,0,0,0,0,0,0,0,0,0,0,0,0,-2147483648,0,0.000000,0,c,0,0,0,0,0,0,0,0,0,0,0,0,0,0,0,0,0,0,2,3,6,330,0.003343,2934063.000000,877719694
2024-09-11-11-23-13,4,840,60.000000,/blk/mp0,745,uniform-shuffle,"",80001.000000,12500.166992,60,1,0.990000,48.349998,0.483333,12379.450195,126.033333,0.000000,r,61,64,67,75,76,106,109,119,143,186,293,369,431,465,510,581,675,745,923,1675,1675,1733,175.562550,1327604.000000,7562,w,8,9,9,9,9,10,11,1343,3216,4218,4724,4921,5081,5301,5416,5506,5579,5630,5747,5955,6260,6297,1718.135752,1276174538.000000,742767,s,2147483647,0,0,0,0,0,0,0,0,0,0,0,0,0,0,0,0,0,0,0,0,-2147483648,0,0.000000,0,c,0,0,0,0,0,0,0,0,0,0,0,0,0,0,0,0,0,0,2,3,6,312,0.003349,2937403.000000,877119361
2024-09-11-11-23-13,4,900,60.000061,/blk/mp0,745,uniform-shuffle,"",80001.000000,12500.166992,60,1,0.990000,48.316616,0.483333,12372.871094,127.349869,0.000000,r,61,64,66,75,76,106,109,118,143,187,300,382,438,474,516,587,697,764,966,1771,1771,1796,177.825677,1358766.000000,7641,w,8,9,9,9,9,10,11,983,3234,4288,4745,4948,5111,5294,5423,5529,5618,5667,5777,5937,6071,8407,1694.662239,1258071490.000000,742373,s,2147483647,0,0,0,0,0,0,0,0,0,0,0,0,0,0,0,0,0,0,0,0,-2147483648,0,0.000000,0,c,0,0,0,0,0,0,0,0,0,0,0,0,0,0,0,0,0,0,2,3,6,328,0.003355,2940635.000000,876542349
2024-09-11-11-23-13,4,960,59.999939,/blk/mp0,745,uniform-shuffle,"",80001.000000,12500.166992,60,1,0.990000,48.350048,0.483334,12378.279297,127.366798,0.000000,r,61,64,67,75,77,106,109,118,144,196,298,381,435,469,514,581,663,744,900,1040,1040,1095,176.881314,1351727.000000,7642,w,8,9,9,9,9,10,11,977,3198,4321,4765,4926,5066,5278,5422,5519,5602,5658,5765,5958,6144,6258,1690.775838,1255732452.000000,742696,s,2147483647,0,0,0,0,0,0,0,0,0,0,0,0,0,0,0,0,0,0,0,0,-2147483648,0,0.000000,0,c,0,0,0,0,0,0,0,0,0,0,0,0,0,0,0,0,0,0,2,3,6,318,0.003347,2936681.000000,877386153
2024-09-11-11-44-58,4,60,60.000088,/blk/mp0,745,uniform-shuffle,"",70001.000000,10833.500000,60,1,0.990000,41.899940,0.416666,10728.617188,110.883171,0.000000,r,61,63,65,65,74,76,106,110,119,128,164,272,425,513,588,689,866,986,1559,1793,1793,4624,164.483391,1094308.000000,6653,w,8,9,9,9,9,9,10,11,956,1961,3433,4477,5377,5611,6127,6428,6643,8125,16945,19998,19998,19998,1328.009287,854863482.000000,643718,s,19999,0,0,0,0,0,0,0,0,0,0,0,0,0,0,0,0,0,0,0,0,0,0,0.000000,0,c,0,0,0,0,0,0,0,0,0,0,0,0,0,0,0,0,0,0,2,3,5,132,0.002751,2448198.000000,889964654
2024-09-11-11-44-58,4,120,59.999981,/blk/mp0,745,uniform-shuffle,"",70001.000000,10833.500000,60,1,0.990000,41.816681,0.416667,10706.287109,106.766701,0.000000,r,61,63,65,68,75,82,106,111,119,125,152,223,396,480,561,641,732,791,953,1232,1232,1433,154.905869,992327.000000,6406,w,8,9,9,9,9,9,10,11,708,1720,3023,4608,5426,5645,6165,6366,6470,6528,6647,6914,7112,7180,1251.957253,804228544.000000,642377,s,2147483647,0,0,0,0,0,0,0,0,0,0,0,0,0,0,0,0,0,0,0,0,-2147483648,0,0.000000,0,c,0,0,0,0,0,0,0,0,0,0,0,0,0,0,0,0,0,0,1,3,5,348,0.002728,2426314.000000,889474171
2024-09-11-11-44-58,4,180,60.000031,/blk/mp0,745,uniform-shuffle,"",70001.000000,10833.500000,60,1,0.990000,41.783314,0.416666,10699.694336,108.733276,0.000000,r,61,63,65,67,75,82,106,111,119,131,170,291,450,523,585,665,765,855,1046,1181,1181,1452,164.523912,1073354.000000,6524,w,8,9,9,9,9,9,10,11,1254,2423,3812,5042,5523,5888,6234,6374,6479,6538,6639,6805,7129,7189,1397.666905,897276995.000000,641982,s,2147483647,0,0,0,0,0,0,0,0,0,0,0,0,0,0,0,0,0,0,0,0,-2147483648,0,0.000000,0,c,0,0,0,0,0,0,0,0,0,0,0,0,0,0,0,0,0,0,2,3,5,322,0.002844,2500945.000000,879295099
2024-09-11-11-44-58,4,240,59.999954,/blk/mp0,745,uniform-shuffle,"",70001.000000,10833.500000,60,1,0.990000,41.883366,0.416667,10725.858398,106.700081,0.000000,r,61,63,65,66,74,77,106,109,118,121,139,186,343,430,522,630,732,805,1014,1597,1597,1599,146.865823,940235.000000,6402,w,8,9,9,9,9,9,10,11,836,1844,2988,4334,5335,5612,6085,6290,6429,6495,6619,6893,7255,7335,1242.565503,799654272.000000,643551,s,2147483647,0,0,0,0,0,0,0,0,0,0,0,0,0,0,0,0,0,0,0,0,-2147483648,0,0.000000,0,c,0,0,0,0,0,0,0,0,0,0,0,0,0,0,0,0,0,0,2,3,5,331,0.002793,2461771.000000,881514801
2024-09-11-11-44-58,4,300,60.000046,/blk/mp0,745,uniform-shuffle,"",70001.000000,10833.500000,60,1,0.990000,41.866634,0.416666,10722.008789,108.216583,0.000000,r,61,63,65,66,74,79,106,109,118,121,140,185,339,433,527,625,738,818,985,1453,1453,1479,147.038349,954720.000000,6493,w,8,9,9,9,9,9,10,11,851,1741,2812,4213,5311,5564,6104,6333,6435,6492,6613,6862,7069,7190,1223.554140,787138073.000000,643321,s,2147483647,0,0,0,0,0,0,0,0,0,0,0,0,0,0,0,0,0,0,0,0,-2147483648,0,0.000000,0,c,0,0,0,0,0,0,0,0,0,0,0,0,0,0,0,0,0,0,2,3,5,315,0.002940,2586171.000000,879762960
2024-09-11-11-44-58,4,360,59.999969,/blk/mp0,745,uniform-shuffle,"",70001.000000,10833.500000,60,1,0.990000,41.850021,0.416667,10715.355469,108.350052,0.000000,r,61,63,65,67,75,81,107,111,119,126,151,220,406,480,570,655,751,818,952,1082,1082,1200,156.105061,1014839.000000,6501,w,8,9,9,9,9,10,10,11,1026,2190,3541,4920,5449,5789,6193,6342,6436,6488,6594,6798,6999,9124,1339.842534,861412902.000000,642921,s,2147483647,0,0,0,0,0,0,0,0,0,0,0,0,0,0,0,0,0,0,0,0,-2147483648,0,0.000000,0,c,0,0,0,0,0,0,0,0,0,0,0,0,0,0,0,0,0,0,2,3,6,308,0.003098,2714205.000000,876159923
2024-09-11-11-44-58,4,420,60.000000,/blk/mp0,745,uniform-shuffle,"",70001.000000,10833.500000,60,1,0.990000,42.016666,0.416667,10758.783203,108.766670,0.000000,r,61,63,65,66,74,77,106,110,119,128,162,266,435,512,583,665,758,839,1018,1626,1626,1685,161.214680,1052087.000000,6526,w,8,9,9,9,9,10,10,11,1126,2363,3814,5058,5516,5940,6243,6381,6473,6531,6645,6803,6977,7839,1382.694183,892566428.000000,645527,s,2147483647,0,0,0,0,0,0,0,0,0,0,0,0,0,0,0,0,0,0,0,0,-2147483648,0,0.000000,0,c,0,0,0,0,0,0,0,0,0,0,0,0,0,0,0,0,0,0,2,3,6,319,0.003118,2712523.000000,869922774
2024-09-11-11-44-58,4,480,60.000000,/blk/mp0,745,uniform-shuffle,"",70001.000000,10833.500000,60,1,0.990000,41.900002,0.416667,10727.450195,109.816666,0.000000,r,61,63,65,66,74,77,106,109,119,123,147,209,385,471,546,639,728,790,1024,1180,1180,1413,151.684171,999447.000000,6589,w,8,9,9,9,9,10,10,11,1184,2156,3426,4801,5433,5784,6175,6336,6439,6500,6647,6855,7052,7175,1341.094236,863191282.000000,643647,s,2147483647,0,0,0,0,0,0,0,0,0,0,0,0,0,0,0,0,0,0,0,0,-2147483648,0,0.000000,0,c,0,0,0,0,0,0,0,0,0,0,0,0,0,0,0,0,0,0,2,3,6,327,0.003146,2730455.000000,867775484
2024-09-11-11-44-58,4,540,59.999969,/blk/mp0,745,uniform-shuffle,"",70001.000000,10833.500000,60,1,0.990000,41.933353,0.416667,10735.688477,108.750053,0.000000,r,61,63,65,66,74,77,106,110,119,124,150,205,383,472,559,654,751,823,958,1902,1902,1962,153.162299,999384.000000,6525,w,8,9,9,9,9,10,10,11,1018,2124,3307,4769,5432,5717,6188,6351,6458,6516,6639,6874,6989,7006,1316.806465,848209033.000000,644141,s,2147483647,0,0,0,0,0,0,0,0,0,0,0,0,0,0,0,0,0,0,0,0,-2147483648,0,0.000000,0,c,0,0,0,0,0,0,0,0,0,0,0,0,0,0,0,0,0,0,2,3,6,325,0.002998,2603161.000000,868175886
2024-09-11-11-44-58,4,600,60.000061,/blk/mp0,745,uniform-shuffle,"",70001.000000,10833.500000,60,1,0.990000,41.916622,0.416666,10734.088867,110.216553,0.000000,r,61,63,65,66,74,77,106,109,118,121,140,180,337,446,534,650,745,820,991,1205,1205,1365,147.345380,974395.000000,6613,w,8,9,9,9,9,10,10,11,706,1628,2860,4333,5352,5584,6128,6342,6461,6524,6623,6749,7056,7143,1219.269661,785265748.000000,644046,s,2147483647,0,0,0,0,0,0,0,0,0,0,0,0,0,0,0,0,0,0,0,0,-2147483648,0,0.000000,0,c,0,0,0,0,0,0,0,0,0,0,0,0,0,0,0,0,0,0,2,3,6,318,0.002965,2575477.000000,868602721
2024-09-11-11-44-58,4,660,60.000000,/blk/mp0,745,uniform-shuffle,"",70001.000000,10833.500000,60,1,0.990000,41.966667,0.416667,10747.316406,106.733330,0.000000,r,61,63,65,66,74,77,106,109,118,121,140,183,346,430,521,635,732,804,962,1143,1143,1372,146.539507,938439.000000,6404,w,8,9,9,9,9,10,10,11,655,1421,2552,4085,5324,5557,6089,6315,6431,6501,6614,6847,6968,7213,1176.370815,758569780.000000,644839,s,2147483647,0,0,0,0,0,0,0,0,0,0,0,0,0,0,0,0,0,0,0,0,-2147483648,0,0.000000,0,c,0,0,0,0,0,0,0,0,0,0,0,0,0,0,0,0,0,0,2,3,6,325,0.003040,2639660.000000,868334297
2024-09-11-11-44-58,4,720,59.999939,/blk/mp0,745,uniform-shuffle,"",70001.000000,10833.500000,60,1,0.990000,41.933376,0.416667,10737.327148,108.766777,0.000000,r,61,63,65,66,74,77,106,110,119,123,142,194,366,454,541,637,754,811,1124,1768,1768,1798,150.354888,981216.000000,6526,w,8,9,9,9,9,10,10,11,1068,2006,3154,4492,5396,5609,6122,6324,6431,6490,6612,6877,7039,7094,1287.444926,829422232.000000,644239,s,2147483647,0,0,0,0,0,0,0,0,0,0,0,0,0,0,0,0,0,0,0,0,-2147483648,0,0.000000,0,c,0,0,0,0,0,0,0,0,0,0,0,0,0,0,0,0,0,0,2,3,6,317,0.002986,2590583.000000,867465261
2024-09-11-11-44-58,4,780,60.000000,/blk/mp0,745,uniform-shuffle,"",70001.000000,10833.500000,60,1,0.990000,41.900002,0.416667,10729.766602,107.333336,0.000000,r,61,63,65,66,74,77,106,109,119,123,151,220,389,461,543,642,731,799,911,1218,1218,1601,152.354037,981160.000000,6440,w,8,9,9,9,9,10,10,11,1029,2013,3287,4715,5433,5726,6148,6313,6426,6487,6630,6790,6945,7756,1308.101445,842137397.000000,643786,s,2147483647,0,0,0,0,0,0,0,0,0,0,0,0,0,0,0,0,0,0,0,0,-2147483648,0,0.000000,0,c,0,0,0,0,0,0,0,0,0,0,0,0,0,0,0,0,0,0,2,3,6,321,0.003130,2720228.000000,869188741
2024-09-11-11-44-58,4,840,60.000000,/blk/mp0,745,uniform-shuffle,"",70001.000000,10833.500000,60,1,0.990000,41.916668,0.416667,10730.883789,109.283333,0.000000,r,61,63,65,67,75,78,106,110,118,123,143,194,379,464,551,647,737,818,999,1079,1079,1151,150.806314,988837.000000,6557,w,8,9,9,9,9,10,10,11,910,1834,2897,4344,5388,5612,6096,6294,6398,6452,6572,6742,6978,7142,1245.855969,802148103.000000,643853,s,2147483647,0,0,0,0,0,0,0,0,0,0,0,0,0,0,0,0,0,0,0,0,-2147483648,0,0.000000,0,c,0,0,0,0,0,0,0,0,0,0,0,0,0,0,0,0,0,0,2,3,6,314,0.003079,2670527.000000,867365331
2024-09-11-11-44-58,4,900,60.001221,/blk/mp0,745,uniform-shuffle,"",70001.000000,10833.500000,60,1,0.990000,41.882481,0.416658,10723.415039,109.381111,0.000000,r,61,63,65,67,75,84,106,110,119,122,142,190,329,427,512,592,689,753,1153,1734,1734,1953,145.862106,957293.000000,6563,w,8,9,9,9,9,10,10,11,1002,1967,2915,4171,5298,5560,5891,6230,6356,6433,6588,6741,6844,6950,1241.253226,798644668.000000,643418,s,2147483647,0,0,0,0,0,0,0,0,0,0,0,0,0,0,0,0,0,0,0,0,-2147483648,0,0.000000,0,c,0,0,0,0,0,0,0,0,0,0,0,0,0,0,0,0,0,0,2,3,6,313,0.003029,2627781.000000,867603480
2024-09-11-11-44-58,4,960,59.998840,/blk/mp0,745,uniform-shuffle,"",70001.000000,10833.500000,60,1,0.990000,41.900810,0.416675,10729.524414,108.635429,0.000000,r,61,63,65,67,75,78,106,109,118,121,136,178,300,407,497,601,711,810,1047,1563,1563,2012,143.080546,932599.000000,6518,w,8,9,9,9,9,10,10,11,1131,2169,3143,4373,5314,5547,6020,6254,6363,6419,6565,6879,7086,7268,1283.178096,826057448.000000,643759,s,2147483647,0,0,0,0,0,0,0,0,0,0,0,0,0,0,0,0,0,0,0,0,-2147483648,0,0.000000,0,c,0,0,0,0,0,0,0,0,0,0,0,0,0,0,0,0,0,0,2,3,6,315,0.003079,2669151.000000,867006210
2024-09-11-12-06-43,4,60,60.000122,/blk/mp0,745,uniform-shuffle,"",60001.000000,9166.833008,60,1,0.990000,35.399929,0.349999,9063.832031,91.849815,0.000000,r,61,63,64,65,66,75,86,106,113,118,124,164,327,454,571,703,855,1007,1333,4253,4253,8861,148.794774,820008.000000,5511,w,8,9,9,9,9,9,9,10,168,1213,2432,4155,5474,6166,6858,7350,7596,9736,15919,19998,19998,19998,1237.284248,672873530.000000,543831,s,19999,0,0,0,0,0,0,0,0,0,0,0,0,0,0,0,0,0,0,0,0,0,0,0.000000,0,c,0,0,0,0,0,0,0,0,0,0,0,0,0,0,0,0,0,0,1,3,5,36,0.002335,2093320.000000,896563520
2024-09-11-12-06-43,4,120,59.999973,/blk/mp0,745,uniform-shuffle,"",60001.000000,9166.833008,60,1,0.990000,35.433350,0.350000,9071.204102,92.483376,0.000000,r,61,63,64,65,66,75,95,107,113,117,121,143,196,279,416,628,751,842,1116,1550,1550,1555,128.791494,714664.000000,5549,w,8,9,9,9,9,9,9,10,18,619,1638,2992,4726,5699,6288,7181,7423,7501,7673,7975,8379,8417,1017.823763,553972975.000000,544272,s,2147483647,0,0,0,0,0,0,0,0,0,0,0,0,0,0,0,0,0,0,0,0,-2147483648,0,0.000000,0,c,0,0,0,0,0,0,0,0,0,0,0,0,0,0,0,0,0,0,1,3,5,347,0.002308,2076976.000000,899998752
2024-09-11-12-06-43,4,180,60.000023,/blk/mp0,745,uniform-shuffle,"",60001.000000,9166.833008,60,1,0.990000,35.433319,0.350000,9074.296875,90.699966,0.000000,r,61,63,64,65,66,75,91,107,115,118,122,146,217,319,447,658,825,904,1104,1177,1177,1507,133.093164,724293.000000,5442,w,8,9,9,9,9,9,9,10,17,669,1723,3313,5398,5982,6719,7252,7441,7535,7702,7955,8068,11757,1082.299459,589266599.000000,544458,s,2147483647,0,0,0,0,0,0,0,0,0,0,0,0,0,0,0,0,0,0,0,0,-2147483648,0,0.000000,0,c,0,0,0,0,0,0,0,0,0,0,0,0,0,0,0,0,0,0,1,3,5,324,0.002312,2079726.000000,899461752
2024-09-11-12-06-43,4,240,60.000015,/blk/mp0,745,uniform-shuffle,"",60001.000000,9166.833008,60,1,0.990000,35.416656,0.350000,9069.614258,91.116646,0.000000,r,61,63,64,65,67,75,103,107,115,118,121,141,197,281,422,635,755,840,1087,1294,1294,1861,129.489848,707921.000000,5467,w,8,9,9,9,9,9,9,10,15,511,1418,2679,4354,5606,6278,7200,7405,7501,7663,7884,8057,8266,965.685652,525503921.000000,544177,s,2147483647,0,0,0,0,0,0,0,0,0,0,0,0,0,0,0,0,0,0,0,0,-2147483648,0,0.000000,0,c,0,0,0,0,0,0,0,0,0,0,0,0,0,0,0,0,0,0,1,3,5,311,0.002307,2075454.000000,899515233
2024-09-11-12-06-43,4,300,59.999985,/blk/mp0,745,uniform-shuffle,"",60001.000000,9166.833008,60,1,0.990000,35.483341,0.350000,9087.018555,89.800026,0.000000,r,61,63,64,65,66,75,96,107,115,118,123,152,238,349,525,671,796,884,1133,1373,1373,1377,136.468820,735294.000000,5388,w,8,9,9,9,9,9,9,10,77,1130,2585,4189,5811,6247,6885,7315,7496,7592,7764,8076,8556,8775,1228.421644,669761277.000000,545221,s,2147483647,0,0,0,0,0,0,0,0,0,0,0,0,0,0,0,0,0,0,0,0,-2147483648,0,0.000000,0,c,0,0,0,0,0,0,0,0,0,0,0,0,0,0,0,0,0,0,1,3,5,310,0.002326,2090009.000000,898605238
2024-09-11-12-06-43,4,360,59.999969,/blk/mp0,745,uniform-shuffle,"",60001.000000,9166.833008,60,1,0.990000,35.533352,0.350000,9099.371094,90.966713,0.000000,r,61,63,65,65,66,75,99,107,116,118,125,156,265,377,550,682,812,912,1077,1364,1364,1668,139.819714,763136.000000,5458,w,8,9,9,9,9,9,10,10,18,867,2131,3881,5734,6179,6902,7324,7489,7553,7697,7862,8016,8095,1167.705512,637522837.000000,545962,s,2147483647,0,0,0,0,0,0,0,0,0,0,0,0,0,0,0,0,0,0,0,0,-2147483648,0,0.000000,0,c,0,0,0,0,0,0,0,0,0,0,0,0,0,0,0,0,0,0,1,3,5,317,0.002410,2152688.000000,893293648
2024-09-11-12-06-43,4,420,60.000000,/blk/mp0,745,uniform-shuffle,"",60001.000000,9166.833008,60,1,0.990000,35.450001,0.350000,9078.116211,90.050003,0.000000,r,61,63,65,65,66,75,101,107,115,118,122,145,209,300,423,638,755,836,1108,1176,1176,1433,130.885064,707172.000000,5403,w,8,9,9,9,9,9,10,10,22,757,1963,3260,5338,5997,6677,7263,7443,7531,7712,7976,8125,8156,1095.024722,596445731.000000,544687,s,2147483647,0,0,0,0,0,0,0,0,0,0,0,0,0,0,0,0,0,0,0,0,-2147483648,0,0.000000,0,c,0,0,0,0,0,0,0,0,0,0,0,0,0,0,0,0,0,0,1,3,5,309,0.002485,2212037.000000,890268655
2024-09-11-12-06-43,4,480,60.000061,/blk/mp0,745,uniform-shuffle,"",60001.000000,9166.833008,60,1,0.990000,35.416630,0.350000,9070.407227,90.033241,0.000000,r,61,63,65,65,67,75,99,107,116,119,123,149,222,340,504,660,788,848,1039,1285,1285,2142,135.466864,731792.000000,5402,w,8,9,9,9,9,9,10,10,19,815,2130,3823,5686,6137,6768,7286,7463,7543,7696,7945,8105,8186,1155.192683,628684738.000000,544225,s,2147483647,0,0,0,0,0,0,0,0,0,0,0,0,0,0,0,0,0,0,0,0,-2147483648,0,0.000000,0,c,0,0,0,0,0,0,0,0,0,0,0,0,0,0,0,0,0,0,1,3,5,314,0.002479,2212324.000000,892284656
2024-09-11-12-06-43,4,540,59.999969,/blk/mp0,745,uniform-shuffle,"",60001.000000,9166.833008,60,1,0.990000,35.333351,0.350000,9049.571289,90.650047,0.000000,r,61,63,65,65,66,75,93,107,116,119,124,153,230,345,507,663,776,830,1060,1472,1472,1507,135.578783,737413.000000,5439,w,8,9,9,9,9,9,10,10,58,1105,2287,3743,5554,6097,6836,7298,7444,7522,7685,7986,8300,8345,1169.323255,634912125.000000,542974,s,2147483647,0,0,0,0,0,0,0,0,0,0,0,0,0,0,0,0,0,0,0,0,-2147483648,0,0.000000,0,c,0,0,0,0,0,0,0,0,0,0,0,0,0,0,0,0,0,0,1,3,5,318,0.002471,2199263.000000,889868129
2024-09-11-12-06-43,4,600,60.000000,/blk/mp0,745,uniform-shuffle,"",60001.000000,9166.833008,60,1,0.990000,35.450001,0.350000,9075.416992,92.383331,0.000000,r,61,63,65,65,68,76,104,107,116,118,123,143,196,278,406,600,769,858,1019,1483,1483,1683,129.085333,715520.000000,5543,w,8,9,9,9,9,9,10,10,18,687,1569,2924,4806,5822,6398,7191,7420,7499,7649,8017,8250,8295,1020.574765,555728474.000000,544525,s,2147483647,0,0,0,0,0,0,0,0,0,0,0,0,0,0,0,0,0,0,0,0,-2147483648,0,0.000000,0,c,0,0,0,0,0,0,0,0,0,0,0,0,0,0,0,0,0,0,1,3,5,333,0.002477,2207855.000000,891221018
2024-09-11-12-06-43,4,660,60.000061,/blk/mp0,745,uniform-shuffle,"",60001.000000,9166.833008,60,1,0.990000,35.433296,0.350000,9071.991211,90.966576,0.000000,r,61,63,64,65,66,75,90,107,115,118,122,148,220,320,428,621,736,809,978,1066,1066,1581,130.777941,713786.000000,5458,w,8,9,9,9,9,9,10,10,21,780,2053,3641,5276,5918,6506,7271,7458,7534,7680,8078,8503,8575,1109.409166,603873597.000000,544320,s,2147483647,0,0,0,0,0,0,0,0,0,0,0,0,0,0,0,0,0,0,0,0,-2147483648,0,0.000000,0,c,0,0,0,0,0,0,0,0,0,0,0,0,0,0,0,0,0,0,1,3,5,313,0.002480,2210232.000000,891386954
2024-09-11-12-06-43,4,720,59.999878,/blk/mp0,745,uniform-shuffle,"",60001.000000,9166.833008,60,1,0.990000,35.466740,0.350001,9081.751953,90.483521,0.000000,r,61,63,65,65,66,75,87,107,112,118,121,141,207,320,476,670,792,852,1067,1925,1925,2315,133.272794,723538.000000,5429,w,8,9,9,9,9,9,10,10,19,634,1818,3322,5318,5971,6648,7301,7464,7546,7700,8196,8615,8731,1083.993773,590672543.000000,544904,s,2147483647,0,0,0,0,0,0,0,0,0,0,0,0,0,0,0,0,0,0,0,0,-2147483648,0,0.000000,0,c,0,0,0,0,0,0,0,0,0,0,0,0,0,0,0,0,0,0,1,3,5,312,0.002480,2212833.000000,892213234
2024-09-11-12-06-43,4,780,60.000061,/blk/mp0,745,uniform-shuffle,"",60001.000000,9166.833008,60,1,0.990000,35.433296,0.350000,9073.557617,90.799904,0.000000,r,61,63,65,65,66,75,85,107,115,118,124,157,263,378,549,696,807,905,1386,1570,1570,1783,140.415382,764983.000000,5448,w,8,9,9,9,9,9,10,10,20,959,2340,4087,5781,6263,6990,7323,7458,7538,7728,8047,8329,13550,1204.949751,655991514.000000,544414,s,2147483647,0,0,0,0,0,0,0,0,0,0,0,0,0,0,0,0,0,0,0,0,-2147483648,0,0.000000,0,c,0,0,0,0,0,0,0,0,0,0,0,0,0,0,0,0,0,0,1,3,5,313,0.002488,2215832.000000,890570118
2024-09-11-12-06-43,4,840,60.000000,/blk/mp0,745,uniform-shuffle,"",60001.000000,9166.833008,60,1,0.990000,35.483334,0.350000,9087.650391,90.199997,0.000000,r,61,63,65,65,66,75,83,107,112,117,120,139,193,274,417,608,733,816,972,1097,1097,1150,127.033999,687508.000000,5412,w,8,9,9,9,9,9,10,10,20,879,2145,3697,5521,6072,6729,7264,7420,7506,7640,7949,8327,8404,1143.937256,623742084.000000,545259,s,2147483647,0,0,0,0,0,0,0,0,0,0,0,0,0,0,0,0,0,0,0,0,-2147483648,0,0.000000,0,c,0,0,0,0,0,0,0,0,0,0,0,0,0,0,0,0,0,0,1,3,5,317,0.002489,2216166.000000,890222863
2024-09-11-12-06-43,4,900,60.000000,/blk/mp0,745,uniform-shuffle,"",60001.000000,9166.833008,60,1,0.990000,35.533333,0.350000,9100.233398,90.916664,0.000000,r,61,63,65,65,66,75,85,107,112,118,120,136,173,220,325,506,706,809,1062,1522,1522,1633,120.549404,657597.000000,5455,w,8,9,9,9,9,9,10,10,14,405,1133,2173,3831,4975,6000,6995,7372,7487,7649,8015,8407,8589,872.197284,476231928.000000,546014,s,2147483647,0,0,0,0,0,0,0,0,0,0,0,0,0,0,0,0,0,0,0,0,-2147483648,0,0.000000,0,c,0,0,0,0,0,0,0,0,0,0,0,0,0,0,0,0,0,0,1,3,5,317,0.002488,2217575.000000,891151161
2024-09-11-12-06-43,4,960,60.000061,/blk/mp0,745,uniform-shuffle,"",60001.000000,9166.833008,60,1,0.990000,35.383297,0.350000,9058.257812,92.166573,0.000000,r,61,63,64,65,66,75,81,107,111,117,120,139,196,279,432,652,790,865,1076,1469,1469,1924,129.630741,716858.000000,5530,w,8,9,9,9,9,9,10,10,20,726,1843,3308,4989,5849,6382,7247,7431,7528,7706,8085,8396,8499,1066.541783,579661193.000000,543496,s,2147483647,0,0,0,0,0,0,0,0,0,0,0,0,0,0,0,0,0,0,0,0,-2147483648,0,0.000000,0,c,0,0,0,0,0,0,0,0,0,0,0,0,0,0,0,0,0,0,1,3,5,990,0.002481,2209488.000000,890419115
2024-09-11-12-28-27,4,60,60.000065,/blk/mp0,745,uniform-shuffle,"",50001.000000,7500.166504,60,1,0.990000,28.949968,0.300000,7413.925293,77.066582,0.000000,r,61,63,64,65,65,74,76,104,108,113,118,122,150,194,334,568,806,967,1600,2302,2302,5739,120.264057,556101.000000,4624,w,8,9,9,9,9,9,9,10,10,11,233,1157,2631,3538,5269,7035,8696,10515,17304,19998,19998,19998,705.520495,313840915.000000,444836,s,19999,0,0,0,0,0,0,0,0,0,0,0,0,0,0,0,0,0,0,0,0,0,0,0.000000,0,c,0,0,0,0,0,0,0,0,0,0,0,0,0,0,0,0,0,0,1,3,5,37,0.001963,1758531.000000,895611258
2024-09-11-12-28-27,4,120,59.999989,/blk/mp0,745,uniform-shuffle,"",50001.000000,7500.166504,60,1,0.990000,29.016672,0.283333,7432.301270,73.016678,0.000000,r,61,63,64,65,65,74,76,104,107,109,117,119,135,161,217,350,573,753,1077,1354,1354,1564,104.651906,458480.000000,4381,w,8,9,9,9,9,9,10,10,10,11,241,1078,2672,3668,5450,7296,8508,8733,8961,9240,9757,9801,689.543374,307493593.000000,445938,s,2147483647,0,0,0,0,0,0,0,0,0,0,0,0,0,0,0,0,0,0,0,0,-2147483648,0,0.000000,0,c,0,0,0,0,0,0,0,0,0,0,0,0,0,0,0,0,0,0,1,3,5,322,0.002048,1830423.000000,893663388
2024-09-11-12-28-27,4,180,60.000000,/blk/mp0,745,uniform-shuffle,"",50001.000000,7500.166504,60,1,0.990000,29.016666,0.283333,7431.316895,74.616669,0.000000,r,61,63,64,65,65,74,76,104,108,111,118,121,143,174,253,398,739,908,1112,1199,1199,1663,110.449855,494484.000000,4477,w,8,9,9,9,9,9,10,10,10,12,307,1209,2730,3930,5449,7241,8444,8786,9132,9381,9546,9691,704.723571,314221441.000000,445879,s,2147483647,0,0,0,0,0,0,0,0,0,0,0,0,0,0,0,0,0,0,0,0,-2147483648,0,0.000000,0,c,0,0,0,0,0,0,0,0,0,0,0,0,0,0,0,0,0,0,1,3,5,304,0.002079,1860383.000000,894737023
2024-09-11-12-28-27,4,240,60.000000,/blk/mp0,745,uniform-shuffle,"",50001.000000,7500.166504,60,1,0.990000,28.966667,0.283333,7415.983398,75.116669,0.000000,r,61,63,64,65,65,74,76,103,107,111,117,121,140,164,202,345,655,835,1093,1261,1261,1745,105.907477,477325.000000,4507,w,8,9,9,9,9,9,10,10,10,11,195,1111,2538,3809,5330,7141,8537,8819,9118,9596,10023,10207,683.249257,304017906.000000,444959,s,2147483647,0,0,0,0,0,0,0,0,0,0,0,0,0,0,0,0,0,0,0,0,-2147483648,0,0.000000,0,c,0,0,0,0,0,0,0,0,0,0,0,0,0,0,0,0,0,0,1,3,5,308,0.002082,1860497.000000,893727648
2024-09-11-12-28-27,4,300,59.999985,/blk/mp0,745,uniform-shuffle,"",50001.000000,7500.166504,60,1,0.990000,29.050007,0.283333,7439.001953,74.233353,0.000000,r,61,63,64,65,65,74,76,104,107,110,117,119,134,154,197,345,521,720,1067,1241,1241,1383,103.495959,460971.000000,4454,w,8,9,9,9,9,9,10,10,10,11,263,1362,3042,4187,5655,7210,8394,8660,9065,9622,9849,10003,733.514182,327396720.000000,446340,s,2147483647,0,0,0,0,0,0,0,0,0,0,0,0,0,0,0,0,0,0,0,0,-2147483648,0,0.000000,0,c,0,0,0,0,0,0,0,0,0,0,0,0,0,0,0,0,0,0,1,3,5,307,0.002087,1866182.000000,894136707
2024-09-11-12-28-27,4,360,60.000031,/blk/mp0,745,uniform-shuffle,"",50001.000000,7500.166504,60,1,0.990000,29.016651,0.283333,7429.229492,73.033295,0.000000,r,61,63,64,65,65,74,76,103,108,111,118,121,149,180,254,397,679,845,1130,1382,1382,1394,109.053857,477874.000000,4382,w,8,9,9,9,9,9,10,10,10,11,203,1180,2794,3958,5369,7303,8536,8880,9142,9435,9830,9893,703.563898,313616422.000000,445754,s,2147483647,0,0,0,0,0,0,0,0,0,0,0,0,0,0,0,0,0,0,0,0,-2147483648,0,0.000000,0,c,0,0,0,0,0,0,0,0,0,0,0,0,0,0,0,0,0,0,1,3,5,303,0.002096,1892794.000000,903177637
2024-09-11-12-28-27,4,420,59.999969,/blk/mp0,745,uniform-shuffle,"",50001.000000,7500.166504,60,1,0.990000,29.033348,0.283333,7435.420410,73.833374,0.000000,r,61,63,64,65,65,74,76,105,108,113,118,121,144,163,200,329,436,673,866,1319,1319,1627,103.753950,459630.000000,4430,w,8,9,9,9,9,9,10,10,10,12,297,1068,2348,3351,4686,6607,8137,8563,8928,9284,9541,9712,635.004647,283291448.000000,446125,s,2147483647,0,0,0,0,0,0,0,0,0,0,0,0,0,0,0,0,0,0,0,0,-2147483648,0,0.000000,0,c,0,0,0,0,0,0,0,0,0,0,0,0,0,0,0,0,0,0,1,3,6,301,0.002147,1920375.000000,894359010
2024-09-11-12-28-27,4,480,60.000000,/blk/mp0,745,uniform-shuffle,"",50001.000000,7500.166504,60,1,0.990000,29.016666,0.283333,7432.083496,73.116669,0.000000,r,61,63,64,65,65,74,76,98,107,110,117,120,138,162,205,364,580,780,1063,1145,1145,1292,104.825393,459869.000000,4387,w,8,9,9,9,9,9,10,10,10,11,233,1104,2691,3766,5136,7168,8440,8727,8984,9376,9572,9706,682.493724,304341014.000000,445925,s,2147483647,0,0,0,0,0,0,0,0,0,0,0,0,0,0,0,0,0,0,0,0,-2147483648,0,0.000000,0,c,0,0,0,0,0,0,0,0,0,0,0,0,0,0,0,0,0,0,1,3,6,310,0.002156,1927229.000000,893742635
2024-09-11-12-28-27,4,540,60.000031,/blk/mp0,745,uniform-shuffle,"",50001.000000,7500.166504,60,1,0.990000,29.033319,0.283333,7432.762695,74.516632,0.000000,r,61,63,64,65,65,74,76,104,108,112,118,122,146,168,226,372,640,819,1193,1450,1450,1746,107.570790,480949.000000,4471,w,8,9,9,9,9,10,10,10,10,12,328,1243,2804,3675,5096,6820,8374,8744,8996,9369,9685,9772,686.618466,306208491.000000,445966,s,2147483647,0,0,0,0,0,0,0,0,0,0,0,0,0,0,0,0,0,0,0,0,-2147483648,0,0.000000,0,c,0,0,0,0,0,0,0,0,0,0,0,0,0,0,0,0,0,0,1,3,6,316,0.002159,1930893.000000,894511441
2024-09-11-12-28-27,4,600,60.000000,/blk/mp0,745,uniform-shuffle,"",50001.000000,7500.166504,60,1,0.990000,29.000000,0.283333,7425.983398,72.633331,0.000000,r,61,63,64,65,65,74,76,104,108,111,118,121,146,172,242,396,693,799,975,1152,1152,1345,108.808398,474187.000000,4358,w,8,9,9,9,9,10,10,10,10,11,216,1211,2981,4108,5627,7593,8694,8871,9134,9480,9648,9792,726.548127,323720057.000000,445559,s,2147483647,0,0,0,0,0,0,0,0,0,0,0,0,0,0,0,0,0,0,0,0,-2147483648,0,0.000000,0,c,0,0,0,0,0,0,0,0,0,0,0,0,0,0,0,0,0,0,1,3,6,305,0.002164,1929676.000000,891904587
2024-09-11-12-28-27,4,660,60.000000,/blk/mp0,745,uniform-shuffle,"",50001.000000,7500.166504,60,1,0.990000,29.116667,0.283333,7454.883301,75.949997,0.000000,r,61,63,64,65,65,74,76,104,108,111,118,121,144,167,220,373,643,808,992,1068,1068,1112,106.759052,486501.000000,4557,w,8,9,9,9,9,9,10,10,10,11,215,1070,2676,3890,5431,7194,8502,8773,9065,9387,9663,9830,691.274929,309202437.000000,447293,s,2147483647,0,0,0,0,0,0,0,0,0,0,0,0,0,0,0,0,0,0,0,0,-2147483648,0,0.000000,0,c,0,0,0,0,0,0,0,0,0,0,0,0,0,0,0,0,0,0,1,3,6,309,0.002175,1936238.000000,890277096
2024-09-11-12-28-27,4,720,60.000061,/blk/mp0,745,uniform-shuffle,"",50001.000000,7500.166504,60,1,0.990000,28.983303,0.283333,7421.125977,76.516586,0.000000,r,61,63,64,65,65,74,76,104,108,111,117,120,137,158,199,333,443,652,999,1398,1398,1569,102.929209,472548.000000,4591,w,8,9,9,9,9,9,10,10,10,11,224,1065,2470,3317,4559,6211,7768,8452,8881,9244,9394,9488,617.332063,274878213.000000,445268,s,2147483647,0,0,0,0,0,0,0,0,0,0,0,0,0,0,0,0,0,0,0,0,-2147483648,0,0.000000,0,c,0,0,0,0,0,0,0,0,0,0,0,0,0,0,0,0,0,0,1,3,6,309,0.002154,1927457.000000,894641270
2024-09-11-12-28-27,4,780,60.000000,/blk/mp0,745,uniform-shuffle,"",50001.000000,7500.166504,60,1,0.990000,29.033333,0.283333,7436.033203,75.199997,0.000000,r,61,63,64,65,65,74,76,98,107,110,117,120,135,157,195,328,572,759,1051,1363,1363,1485,103.603280,467458.000000,4512,w,8,9,9,9,9,10,10,10,10,11,215,1106,2414,3342,4599,6566,8172,8543,8964,9309,9476,9525,629.512495,280864554.000000,446162,s,2147483647,0,0,0,0,0,0,0,0,0,0,0,0,0,0,0,0,0,0,0,0,-2147483648,0,0.000000,0,c,0,0,0,0,0,0,0,0,0,0,0,0,0,0,0,0,0,0,1,3,6,303,0.002156,1927574.000000,893907585
2024-09-11-12-28-27,4,840,59.999939,/blk/mp0,745,uniform-shuffle,"",50001.000000,7500.166504,60,1,0.990000,28.900030,0.283334,7400.440918,73.083405,0.000000,r,61,63,64,65,65,74,76,103,108,110,117,120,143,171,231,375,693,816,1029,1443,1443,1646,108.224401,474564.000000,4385,w,8,9,9,9,9,9,10,10,10,11,216,1148,3015,4170,5650,7573,8569,8817,9125,9582,9993,11827,726.926196,322774131.000000,444026,s,2147483647,0,0,0,0,0,0,0,0,0,0,0,0,0,0,0,0,0,0,0,0,-2147483648,0,0.000000,0,c,0,0,0,0,0,0,0,0,0,0,0,0,0,0,0,0,0,0,1,3,6,309,0.002142,1919702.000000,896148258
2024-09-11-12-28-27,4,900,60.000061,/blk/mp0,745,uniform-shuffle,"",50001.000000,7500.166504,60,1,0.990000,28.983303,0.283333,7420.059082,76.033257,0.000000,r,61,63,64,65,65,74,76,104,107,111,117,120,137,155,191,282,417,545,826,1090,1090,1442,100.285840,457504.000000,4562,w,8,9,9,9,9,9,10,10,10,11,175,1056,2558,3479,4779,6376,7874,8524,8908,9268,9574,9906,629.674778,280333730.000000,445204,s,2147483647,0,0,0,0,0,0,0,0,0,0,0,0,0,0,0,0,0,0,0,0,-2147483648,0,0.000000,0,c,0,0,0,0,0,0,0,0,0,0,0,0,0,0,0,0,0,0,1,3,6,314,0.002153,1926022.000000,894470498
2024-09-11-12-28-27,4,960,59.999939,/blk/mp0,745,uniform-shuffle,"",50001.000000,7500.166504,60,1,0.990000,28.983362,0.283334,7421.924316,75.416740,0.000000,r,61,63,64,65,65,74,76,97,107,110,117,120,140,159,204,353,516,719,1038,1098,1098,1654,104.066298,470900.000000,4525,w,8,9,9,9,9,9,10,10,10,11,211,1031,2327,3237,4487,6588,8268,8630,8960,9433,9881,9909,620.547729,276339212.000000,445315,s,2147483647,0,0,0,0,0,0,0,0,0,0,0,0,0,0,0,0,0,0,0,0,-2147483648,0,0.000000,0,c,0,0,0,0,0,0,0,0,0,0,0,0,0,0,0,0,0,0,1,3,6,320,0.002153,1926244.000000,894578786
2024-09-11-12-50-12,4,60,59.999939,/blk/mp0,745,uniform-shuffle,"",40001.000000,5833.500000,60,1,0.990000,22.533356,0.233334,5769.572754,59.750061,0.000000,r,61,63,64,64,65,66,75,76,105,107,111,117,125,147,191,411,759,1016,1932,2073,2073,5222,107.988842,387140.000000,3585,w,8,9,9,9,9,9,9,9,10,10,11,66,1091,1941,3263,6511,10188,11118,19620,19998,19998,19998,516.266851,178718161.000000,346174,s,19999,0,0,0,0,0,0,0,0,0,0,0,0,0,0,0,0,0,0,0,0,0,0,0.000000,0,c,0,0,0,0,0,0,0,0,0,0,0,0,0,0,0,0,0,0,0,3,5,126,0.001564,1413438.000000,903446791
2024-09-11-12-50-12,4,120,60.000011,/blk/mp0,745,uniform-shuffle,"",40001.000000,5833.500000,60,1,0.990000,22.566662,0.216667,5778.782227,57.316654,0.000000,r,61,63,64,64,65,66,75,76,105,107,109,117,121,134,158,217,362,408,615,1560,1560,1784,91.956673,316239.000000,3439,w,8,9,9,9,9,9,9,9,10,10,11,139,1121,1904,2952,4777,6938,7914,10435,11406,11774,12076,399.562391,138539069.000000,346727,s,2147483647,0,0,0,0,0,0,0,0,0,0,0,0,0,0,0,0,0,0,0,0,-2147483648,0,0.000000,0,c,0,0,0,0,0,0,0,0,0,0,0,0,0,0,0,0,0,0,0,3,5,335,0.001585,1424272.000000,898613397
2024-09-11-12-50-12,4,180,59.999992,/blk/mp0,745,uniform-shuffle,"",40001.000000,5833.500000,60,1,0.990000,22.483335,0.216667,5756.150879,59.150009,0.000000,r,61,63,64,64,65,66,74,76,104,106,109,117,121,135,158,224,339,398,435,551,551,1366,90.696816,321883.000000,3549,w,8,9,9,9,9,9,9,9,10,10,11,78,1165,2035,3332,5131,7259,8409,10349,10837,11127,11239,425.766870,147046678.000000,345369,s,2147483647,0,0,0,0,0,0,0,0,0,0,0,0,0,0,0,0,0,0,0,0,-2147483648,0,0.000000,0,c,0,0,0,0,0,0,0,0,0,0,0,0,0,0,0,0,0,0,0,3,5,300,0.001580,1420167.000000,898879710
2024-09-11-12-50-12,4,240,59.999985,/blk/mp0,745,uniform-shuffle,"",40001.000000,5833.500000,60,1,0.990000,22.550005,0.216667,5773.001465,59.150017,0.000000,r,61,63,64,64,65,66,75,76,105,107,109,117,121,129,151,205,308,389,505,662,662,739,89.870104,318949.000000,3549,w,8,9,9,9,9,9,9,9,10,10,10,32,937,1585,2515,4099,6985,8530,10497,11105,11299,11376,356.560223,123505330.000000,346380,s,2147483647,0,0,0,0,0,0,0,0,0,0,0,0,0,0,0,0,0,0,0,0,-2147483648,0,0.000000,0,c,0,0,0,0,0,0,0,0,0,0,0,0,0,0,0,0,0,0,0,3,5,300,0.001579,1423798.000000,901750309
2024-09-11-12-50-12,4,300,60.000061,/blk/mp0,745,uniform-shuffle,"",40001.000000,5833.500000,60,1,0.990000,22.516644,0.216666,5766.760742,57.016609,0.000000,r,61,63,64,64,65,65,75,76,104,107,109,117,122,138,167,250,393,436,847,1316,1316,1362,93.592517,320180.000000,3421,w,8,9,9,9,9,9,9,9,10,10,11,62,1034,2118,3595,6358,8582,10157,10821,11250,11683,11867,469.652734,162502664.000000,346006,s,2147483647,0,0,0,0,0,0,0,0,0,0,0,0,0,0,0,0,0,0,0,0,-2147483648,0,0.000000,0,c,0,0,0,0,0,0,0,0,0,0,0,0,0,0,0,0,0,0,0,3,5,302,0.001579,1421969.000000,900829946
2024-09-11-12-50-12,4,360,59.999969,/blk/mp0,745,uniform-shuffle,"",40001.000000,5833.500000,60,1,0.990000,22.566679,0.216667,5778.519531,57.733364,0.000000,r,61,63,64,64,65,66,74,76,104,107,109,116,121,131,153,233,368,402,547,1352,1352,1595,91.025982,315314.000000,3464,w,8,9,9,9,9,9,9,9,10,10,10,20,818,1511,2912,4378,6367,7792,9683,10599,10788,10868,358.559991,124316693.000000,346711,s,2147483647,0,0,0,0,0,0,0,0,0,0,0,0,0,0,0,0,0,0,0,0,-2147483648,0,0.000000,0,c,0,0,0,0,0,0,0,0,0,0,0,0,0,0,0,0,0,0,0,3,5,303,0.001597,1432286.000000,897102915
2024-09-11-12-50-12,4,420,59.999969,/blk/mp0,745,uniform-shuffle,"",40001.000000,5833.500000,60,1,0.990000,22.600012,0.216667,5785.603027,57.183361,0.000000,r,61,63,64,64,65,66,75,76,105,107,109,117,120,129,154,220,370,401,555,1378,1378,1728,91.549403,314106.000000,3431,w,8,9,9,9,9,9,10,10,10,10,11,100,1102,1973,3763,6004,7787,8754,10443,11160,11375,11595,458.175081,159049065.000000,347136,s,2147483647,0,0,0,0,0,0,0,0,0,0,0,0,0,0,0,0,0,0,0,0,-2147483648,0,0.000000,0,c,0,0,0,0,0,0,0,0,0,0,0,0,0,0,0,0,0,0,0,3,5,304,0.001716,1522741.000000,887585599
2024-09-11-12-50-12,4,480,60.000031,/blk/mp0,745,uniform-shuffle,"",40001.000000,5833.500000,60,1,0.990000,22.533321,0.216667,5770.646973,56.099972,0.000000,r,61,63,64,64,65,66,75,76,105,107,109,117,122,132,158,230,352,411,665,869,869,933,91.514557,308038.000000,3366,w,8,9,9,9,9,9,10,10,10,10,11,23,989,1906,3093,5609,8005,9428,10509,11153,11473,11558,427.883234,148149863.000000,346239,s,2147483647,0,0,0,0,0,0,0,0,0,0,0,0,0,0,0,0,0,0,0,0,-2147483648,0,0.000000,0,c,0,0,0,0,0,0,0,0,0,0,0,0,0,0,0,0,0,0,0,3,5,314,0.001733,1537167.000000,886887321
2024-09-11-12-50-12,4,540,60.000000,/blk/mp0,745,uniform-shuffle,"",40001.000000,5833.500000,60,1,0.990000,22.666666,0.216667,5804.049805,57.950001,0.000000,r,61,63,64,64,65,66,75,76,105,107,110,117,123,139,162,220,346,393,555,1206,1206,1350,91.946793,319699.000000,3477,w,8,9,9,9,9,9,10,10,10,10,11,22,800,1539,2911,5208,7514,9004,10363,11010,11354,11527,388.455010,135276738.000000,348243,s,2147483647,0,0,0,0,0,0,0,0,0,0,0,0,0,0,0,0,0,0,0,0,-2147483648,0,0.000000,0,c,0,0,0,0,0,0,0,0,0,0,0,0,0,0,0,0,0,0,0,3,5,306,0.001743,1546235.000000,886874138
2024-09-11-12-50-12,4,600,59.999939,/blk/mp0,745,uniform-shuffle,"",40001.000000,5833.500000,60,1,0.990000,22.550022,0.216667,5773.339355,58.716728,0.000000,r,61,63,64,64,65,66,75,76,104,107,110,118,123,136,160,239,364,416,471,759,759,838,91.715583,323114.000000,3523,w,8,9,9,9,9,9,10,10,10,10,11,59,1121,1908,3407,5629,7708,8958,10595,11628,11833,11909,435.605404,150893712.000000,346400,s,2147483647,0,0,0,0,0,0,0,0,0,0,0,0,0,0,0,0,0,0,0,0,-2147483648,0,0.000000,0,c,0,0,0,0,0,0,0,0,0,0,0,0,0,0,0,0,0,0,0,3,5,305,0.001733,1536964.000000,886830611
2024-09-11-12-50-12,4,660,60.000000,/blk/mp0,745,uniform-shuffle,"",40001.000000,5833.500000,60,1,0.990000,22.549999,0.216667,5775.533203,58.299999,0.000000,r,61,63,64,65,65,66,75,76,105,107,111,118,123,138,170,247,362,406,501,849,849,901,92.484848,323512.000000,3498,w,8,9,9,9,9,9,10,10,10,10,11,164,1220,1977,3189,4604,6511,7845,10255,11180,11785,11916,407.071592,141063333.000000,346532,s,2147483647,0,0,0,0,0,0,0,0,0,0,0,0,0,0,0,0,0,0,0,0,-2147483648,0,0.000000,0,c,0,0,0,0,0,0,0,0,0,0,0,0,0,0,0,0,0,0,0,3,5,308,0.001735,1537833.000000,886379491
2024-09-11-12-50-12,4,720,60.000000,/blk/mp0,745,uniform-shuffle,"",40001.000000,5833.500000,60,1,0.990000,22.566668,0.216667,5777.066895,57.650002,0.000000,r,61,63,64,64,65,66,75,76,105,107,109,118,122,132,158,219,334,384,490,1203,1203,1362,91.071986,315018.000000,3459,w,8,9,9,9,9,9,10,10,10,10,11,64,1143,1913,3171,5200,7174,8517,10205,10859,11396,11448,416.958029,144527660.000000,346624,s,2147483647,0,0,0,0,0,0,0,0,0,0,0,0,0,0,0,0,0,0,0,0,-2147483648,0,0.000000,0,c,0,0,0,0,0,0,0,0,0,0,0,0,0,0,0,0,0,0,0,3,5,300,0.001726,1537801.000000,890833261
2024-09-11-12-50-12,4,780,60.000000,/blk/mp0,745,uniform-shuffle,"",40001.000000,5833.500000,60,1,0.990000,22.549999,0.216667,5774.100098,58.483334,0.000000,r,61,63,64,64,65,66,75,76,104,107,109,117,121,134,161,217,337,400,673,1017,1017,1473,90.944144,319123.000000,3509,w,8,9,9,9,9,9,10,10,10,10,11,44,872,1540,2473,4126,6139,7456,10195,10844,11135,11278,344.163541,119234082.000000,346446,s,2147483647,0,0,0,0,0,0,0,0,0,0,0,0,0,0,0,0,0,0,0,0,-2147483648,0,0.000000,0,c,0,0,0,0,0,0,0,0,0,0,0,0,0,0,0,0,0,0,0,3,5,303,0.001725,1540583.000000,893083761
2024-09-11-12-50-12,4,840,60.000000,/blk/mp0,745,uniform-shuffle,"",40001.000000,5833.500000,60,1,0.990000,22.516666,0.216667,5765.083496,58.650002,0.000000,r,61,63,64,64,65,66,75,76,105,107,110,118,123,134,156,225,360,406,533,877,877,1426,91.706451,322715.000000,3519,w,8,9,9,9,9,9,10,10,10,10,11,53,994,1687,2566,4278,7268,8493,10385,11082,11113,11158,371.408525,128472066.000000,345905,s,2147483647,0,0,0,0,0,0,0,0,0,0,0,0,0,0,0,0,0,0,0,0,-2147483648,0,0.000000,0,c,0,0,0,0,0,0,0,0,0,0,0,0,0,0,0,0,0,0,0,3,5,302,0.001738,1541647.000000,887259216
2024-09-11-12-50-12,4,900,60.000000,/blk/mp0,745,uniform-shuffle,"",40001.000000,5833.500000,60,1,0.990000,22.516666,0.216667,5764.483398,58.250000,0.000000,r,61,63,64,64,65,66,75,76,104,107,109,117,123,138,168,269,384,418,570,1126,1126,1234,92.889557,324649.000000,3495,w,8,9,9,9,9,9,10,10,10,10,11,36,1047,1952,3536,5940,7648,9053,10858,11284,11629,11754,444.674328,153799065.000000,345869,s,2147483647,0,0,0,0,0,0,0,0,0,0,0,0,0,0,0,0,0,0,0,0,-2147483648,0,0.000000,0,c,0,0,0,0,0,0,0,0,0,0,0,0,0,0,0,0,0,0,0,3,5,316,0.001735,1538618.000000,887038559
2024-09-11-12-50-12,4,960,60.000000,/blk/mp0,745,uniform-shuffle,"",40001.000000,5833.500000,60,1,0.990000,22.516666,0.216667,5766.966797,59.683334,0.000000,r,61,63,64,64,65,66,75,76,105,107,111,118,124,141,164,235,366,433,837,1396,1396,1617,93.450154,334645.000000,3581,w,8,9,9,9,9,9,10,10,10,10,11,113,1155,1921,2969,4911,7562,9567,10844,11291,11423,11654,420.140368,145376130.000000,346018,s,2147483647,0,0,0,0,0,0,0,0,0,0,0,0,0,0,0,0,0,0,0,0,-2147483648,0,0.000000,0,c,0,0,0,0,0,0,0,0,0,0,0,0,0,0,0,0,0,0,0,3,5,314,0.001734,1538678.000000,887293536
2024-09-11-13-11-57,4,60,60.000092,/blk/mp0,745,uniform-shuffle,"",30001.000000,4166.833496,60,1,0.990000,16.083309,0.150000,4119.360352,41.099937,0.000000,r,61,63,64,64,65,65,74,75,76,104,107,111,119,123,151,280,706,1010,1818,5008,5008,8881,101.488240,250270.000000,2466,w,8,9,9,9,9,9,9,9,10,10,10,10,16,228,822,2161,10493,10962,19998,19998,19998,19998,283.314862,70024668.000000,247162,s,19999,0,0,0,0,0,0,0,0,0,0,0,0,0,0,0,0,0,0,0,0,0,0,0.000000,0,c,0,0,0,0,0,0,0,0,0,0,0,0,0,0,0,0,0,0,0,3,5,32,0.001206,1098135.000000,910488999
2024-09-11-13-11-57,4,120,60.000038,/blk/mp0,745,uniform-shuffle,"",30001.000000,4166.833496,60,1,0.990000,16.149990,0.150000,4138.647461,42.166641,0.000000,r,61,63,64,64,64,65,69,75,76,93,106,109,118,122,135,168,267,356,414,444,444,1327,84.447826,213653.000000,2530,w,8,9,9,9,9,9,9,9,10,10,10,10,16,258,1017,2563,4795,6482,8909,10436,10584,10649,188.357375,46772715.000000,248319,s,2147483647,0,0,0,0,0,0,0,0,0,0,0,0,0,0,0,0,0,0,0,0,-2147483648,0,0.000000,0,c,0,0,0,0,0,0,0,0,0,0,0,0,0,0,0,0,0,0,0,3,5,339,0.001216,1110399.000000,913197648
2024-09-11-13-11-57,4,180,59.999977,/blk/mp0,745,uniform-shuffle,"",30001.000000,4166.833496,60,1,0.990000,16.116673,0.150000,4127.418457,40.000015,0.000000,r,61,63,64,64,65,65,74,75,77,104,107,110,119,123,143,211,345,393,432,478,478,824,86.609583,207863.000000,2400,w,8,9,9,9,9,9,9,9,10,10,10,10,16,194,792,2172,3500,4174,7078,8950,9156,9205,144.667540,35826193.000000,247645,s,2147483647,0,0,0,0,0,0,0,0,0,0,0,0,0,0,0,0,0,0,0,0,-2147483648,0,0.000000,0,c,0,0,0,0,0,0,0,0,0,0,0,0,0,0,0,0,0,0,0,3,5,299,0.001211,1105090.000000,912398173
2024-09-11-13-11-57,4,240,60.000000,/blk/mp0,745,uniform-shuffle,"",30001.000000,4166.833496,60,1,0.990000,16.083334,0.150000,4120.950195,41.950001,0.000000,r,61,63,64,64,65,66,74,76,76,104,107,111,118,121,139,186,334,380,433,502,502,1134,86.124354,216775.000000,2517,w,8,9,9,9,9,9,9,9,10,10,10,10,16,291,1044,2405,3798,5525,8713,11102,11199,11266,173.288619,42846824.000000,247257,s,2147483647,0,0,0,0,0,0,0,0,0,0,0,0,0,0,0,0,0,0,0,0,-2147483648,0,0.000000,0,c,0,0,0,0,0,0,0,0,0,0,0,0,0,0,0,0,0,0,0,3,5,289,0.001214,1108268.000000,912921894
2024-09-11-13-11-57,4,300,60.000015,/blk/mp0,745,uniform-shuffle,"",30001.000000,4166.833496,60,1,0.990000,16.116663,0.150000,4128.665527,42.066654,0.000000,r,61,63,64,64,65,65,74,76,77,104,107,110,118,122,139,193,284,385,419,426,426,440,85.565769,215968.000000,2524,w,8,9,9,9,9,9,9,9,10,10,10,10,15,207,945,2437,3788,4414,5793,6882,7096,7315,156.708728,38819886.000000,247720,s,2147483647,0,0,0,0,0,0,0,0,0,0,0,0,0,0,0,0,0,0,0,0,-2147483648,0,0.000000,0,c,0,0,0,0,0,0,0,0,0,0,0,0,0,0,0,0,0,0,0,3,5,296,0.001217,1110620.000000,912696088
2024-09-11-13-11-57,4,360,59.999969,/blk/mp0,745,uniform-shuffle,"",30001.000000,4166.833496,60,1,0.990000,16.066675,0.150000,4113.485352,40.450020,0.000000,r,61,63,64,64,64,65,73,75,76,81,106,109,118,123,143,174,271,356,432,575,575,1126,84.501442,205085.000000,2427,w,8,9,9,9,9,9,9,9,10,10,10,10,15,200,815,2345,4478,5872,10002,11397,11540,11617,171.111511,42231861.000000,246809,s,2147483647,0,0,0,0,0,0,0,0,0,0,0,0,0,0,0,0,0,0,0,0,-2147483648,0,0.000000,0,c,0,0,0,0,0,0,0,0,0,0,0,0,0,0,0,0,0,0,0,3,5,292,0.001214,1108161.000000,912608989
2024-09-11-13-11-57,4,420,59.999969,/blk/mp0,745,uniform-shuffle,"",30001.000000,4166.833496,60,1,0.990000,16.083342,0.166667,4117.651855,42.850021,0.000000,r,61,63,64,64,65,66,74,75,76,95,107,111,118,121,140,180,311,394,436,454,454,969,85.306107,219322.000000,2571,w,8,9,9,9,9,9,10,10,10,10,10,11,18,251,760,1954,3353,4688,6424,6980,7171,7186,140.944224,34821539.000000,247059,s,2147483647,0,0,0,0,0,0,0,0,0,0,0,0,0,0,0,0,0,0,0,0,-2147483648,0,0.000000,0,c,0,0,0,0,0,0,0,0,0,0,0,0,0,0,0,0,0,0,0,3,5,319,0.001290,1169026.000000,906259969
2024-09-11-13-11-57,4,480,60.000031,/blk/mp0,745,uniform-shuffle,"",30001.000000,4166.833496,60,1,0.990000,16.133326,0.150000,4131.931152,41.949978,0.000000,r,61,63,64,64,65,66,74,76,77,104,107,112,119,122,141,189,345,395,454,567,567,1561,87.102106,219236.000000,2517,w,8,9,9,9,9,9,10,10,10,10,10,11,17,270,956,2412,3680,4543,8472,10988,11289,11379,163.397139,40508765.000000,247916,s,2147483647,0,0,0,0,0,0,0,0,0,0,0,0,0,0,0,0,0,0,0,0,-2147483648,0,0.000000,0,c,0,0,0,0,0,0,0,0,0,0,0,0,0,0,0,0,0,0,0,3,5,295,0.001335,1206219.000000,903502729
2024-09-11-13-11-57,4,540,60.000031,/blk/mp0,745,uniform-shuffle,"",30001.000000,4166.833496,60,1,0.990000,16.116659,0.150000,4128.197754,41.533314,0.000000,r,61,63,64,64,65,66,74,76,77,104,107,111,118,122,144,195,306,383,431,446,446,668,86.199438,214809.000000,2492,w,9,9,9,9,9,10,10,10,10,10,10,11,16,188,669,1697,3177,4397,8957,9796,9956,10075,132.475926,32813227.000000,247692,s,2147483647,0,0,0,0,0,0,0,0,0,0,0,0,0,0,0,0,0,0,0,0,-2147483648,0,0.000000,0,c,0,0,0,0,0,0,0,0,0,0,0,0,0,0,0,0,0,0,0,3,5,299,0.001334,1204480.000000,902814172
2024-09-11-13-11-57,4,600,59.999939,/blk/mp0,745,uniform-shuffle,"",30001.000000,4166.833496,60,1,0.990000,16.133350,0.150000,4130.621094,41.700043,0.000000,r,61,63,64,64,65,66,74,76,77,98,106,110,119,122,137,192,296,376,436,450,450,488,85.655476,214310.000000,2502,w,8,9,9,9,9,9,10,10,10,10,10,11,18,394,1220,2339,3632,4477,6806,7749,7938,8014,168.036197,41645587.000000,247837,s,2147483647,0,0,0,0,0,0,0,0,0,0,0,0,0,0,0,0,0,0,0,0,-2147483648,0,0.000000,0,c,0,0,0,0,0,0,0,0,0,0,0,0,0,0,0,0,0,0,0,3,5,297,0.001337,1207725.000000,903021224
2024-09-11-13-11-57,4,660,60.000000,/blk/mp0,745,uniform-shuffle,"",30001.000000,4166.833496,60,1,0.990000,16.150000,0.150000,4137.416504,40.633335,0.000000,r,61,63,64,64,65,66,74,76,77,93,106,110,119,121,137,207,314,389,501,591,591,1544,86.394176,210629.000000,2438,w,8,9,9,9,9,9,10,10,10,10,10,11,13,72,419,1153,2441,3747,6918,9106,9354,9419,101.331894,25155136.000000,248245,s,2147483647,0,0,0,0,0,0,0,0,0,0,0,0,0,0,0,0,0,0,0,0,-2147483648,0,0.000000,0,c,0,0,0,0,0,0,0,0,0,0,0,0,0,0,0,0,0,0,0,3,5,289,0.001334,1207131.000000,904570222
2024-09-11-13-11-57,4,720,60.000000,/blk/mp0,745,uniform-shuffle,"",30001.000000,4166.833496,60,1,0.990000,16.166666,0.150000,4138.833496,42.650002,0.000000,r,61,63,64,64,65,66,74,76,77,104,107,112,119,125,148,207,314,395,433,438,438,446,86.833919,222208.000000,2559,w,8,9,9,9,9,9,10,10,10,10,10,11,19,369,1038,2252,5324,7258,9517,10815,11327,11428,193.045488,47938986.000000,248330,s,2147483647,0,0,0,0,0,0,0,0,0,0,0,0,0,0,0,0,0,0,0,0,-2147483648,0,0.000000,0,c,0,0,0,0,0,0,0,0,0,0,0,0,0,0,0,0,0,0,0,3,5,293,0.001335,1206561.000000,903855291
2024-09-11-13-11-57,4,780,60.000061,/blk/mp0,745,uniform-shuffle,"",30001.000000,4166.833496,60,1,0.990000,16.099983,0.150000,4124.712402,41.499958,0.000000,r,62,63,64,64,65,66,74,76,77,104,107,109,118,120,131,174,283,342,427,526,526,546,84.589558,210628.000000,2490,w,8,9,9,9,9,9,10,10,10,10,10,11,14,132,789,1884,3283,4077,6856,7692,7842,7918,135.442499,33519716.000000,247483,s,2147483647,0,0,0,0,0,0,0,0,0,0,0,0,0,0,0,0,0,0,0,0,-2147483648,0,0.000000,0,c,0,0,0,0,0,0,0,0,0,0,0,0,0,0,0,0,0,0,0,3,5,301,0.001333,1204426.000000,903388088
2024-09-11-13-11-57,4,840,59.999939,/blk/mp0,745,uniform-shuffle,"",30001.000000,4166.833496,60,1,0.990000,16.100016,0.150000,4125.004395,41.366707,0.000000,r,61,63,64,64,65,66,74,76,77,105,108,113,119,128,149,186,344,369,436,525,525,1827,87.363014,216835.000000,2482,w,8,9,9,9,9,9,10,10,10,10,10,11,18,320,936,2061,3589,5094,7289,9205,9503,9561,156.782655,38803707.000000,247500,s,2147483647,0,0,0,0,0,0,0,0,0,0,0,0,0,0,0,0,0,0,0,0,-2147483648,0,0.000000,0,c,0,0,0,0,0,0,0,0,0,0,0,0,0,0,0,0,0,0,0,3,5,307,0.001334,1204909.000000,903394048
2024-09-11-13-11-57,4,900,60.000061,/blk/mp0,745,uniform-shuffle,"",30001.000000,4166.833496,60,1,0.990000,16.083317,0.150000,4119.562500,41.816624,0.000000,r,61,63,64,64,65,66,74,76,77,101,107,110,118,120,132,176,314,379,432,434,434,439,85.012754,213297.000000,2509,w,8,9,9,9,9,9,10,10,10,10,10,11,15,156,673,1552,2899,3998,8055,10413,10948,11002,125.955198,31132850.000000,247174,s,2147483647,0,0,0,0,0,0,0,0,0,0,0,0,0,0,0,0,0,0,0,0,-2147483648,0,0.000000,0,c,0,0,0,0,0,0,0,0,0,0,0,0,0,0,0,0,0,0,0,3,5,292,0.001332,1203852.000000,904070864
2024-09-11-13-11-57,4,960,59.999878,/blk/mp0,745,uniform-shuffle,"",30001.000000,4166.833496,60,1,0.990000,16.183367,0.150000,4144.208496,41.333416,0.000000,r,61,63,64,64,65,66,75,76,77,100,107,109,118,122,138,180,310,394,421,425,425,470,85.481855,211995.000000,2480,w,8,9,9,9,9,9,10,10,10,10,10,11,15,147,647,1675,2743,3860,5375,6379,6771,6799,117.982707,29336636.000000,248652,s,2147483647,0,0,0,0,0,0,0,0,0,0,0,0,0,0,0,0,0,0,0,0,-2147483648,0,0.000000,0,c,0,0,0,0,0,0,0,0,0,0,0,0,0,0,0,0,0,0,0,3,5,294,0.001338,1209390.000000,903620036
2024-09-11-13-33-42,4,60,60.000076,/blk/mp0,745,uniform-shuffle,"",20001.000000,2500.166748,60,1,0.990000,9.683321,0.083333,2479.363525,25.249968,0.000000,r,62,63,64,64,64,65,66,75,76,76,77,105,110,118,123,171,401,1393,1820,2042,2042,4429,93.040264,140956.000000,1515,w,8,9,9,9,9,9,9,10,10,10,10,10,10,11,13,218,1961,16747,19998,19998,19998,19998,168.957590,25134469.000000,148762,s,19999,0,0,0,0,0,0,0,0,0,0,0,0,0,0,0,0,0,0,0,0,0,0,0.000000,0,c,0,0,0,0,0,0,0,0,0,0,0,0,0,0,0,0,0,0,0,3,4,36,0.000825,764792.000000,926907721
2024-09-11-13-33-42,4,120,59.999977,/blk/mp0,745,uniform-shuffle,"",20001.000000,2500.166748,60,1,0.990000,9.633337,0.083333,2468.367676,24.850010,0.000000,r,61,63,64,64,64,65,66,75,76,76,77,104,109,118,123,163,291,363,442,914,914,1503,81.154259,121001.000000,1491,w,8,9,9,9,9,9,9,10,10,10,10,10,10,11,13,160,878,1471,2597,3392,3548,3607,32.817632,4860357.000000,148102,s,2147483647,0,0,0,0,0,0,0,0,0,0,0,0,0,0,0,0,0,0,0,0,-2147483648,0,0.000000,0,c,0,0,0,0,0,0,0,0,0,0,0,0,0,0,0,0,0,0,0,3,4,326,0.000829,768634.000000,926983203
2024-09-11-13-33-42,4,180,59.999985,/blk/mp0,745,uniform-shuffle,"",20001.000000,2500.166748,60,1,0.990000,9.683336,0.083333,2479.567383,24.266672,0.000000,r,61,63,64,64,64,65,66,75,76,76,76,104,109,117,120,155,223,278,374,386,386,422,78.469780,114252.000000,1456,w,8,9,9,9,9,9,9,9,10,10,10,10,11,11,15,320,957,1454,3369,4197,4397,4436,38.962251,5796570.000000,148774,s,2147483647,0,0,0,0,0,0,0,0,0,0,0,0,0,0,0,0,0,0,0,0,-2147483648,0,0.000000,0,c,0,0,0,0,0,0,0,0,0,0,0,0,0,0,0,0,0,0,0,3,5,276,0.000821,763788.000000,930632868
2024-09-11-13-33-42,4,240,60.000000,/blk/mp0,745,uniform-shuffle,"",20001.000000,2500.166748,60,1,0.990000,9.683333,0.083333,2480.550049,24.633333,0.000000,r,62,63,64,64,64,65,66,75,76,76,77,105,113,118,124,179,276,350,387,394,394,411,80.323410,118718.000000,1478,w,8,9,9,9,9,9,9,9,10,10,10,10,10,11,13,185,764,1333,2670,4202,4659,4853,32.268200,4802573.000000,148833,s,2147483647,0,0,0,0,0,0,0,0,0,0,0,0,0,0,0,0,0,0,0,0,-2147483648,0,0.000000,0,c,0,0,0,0,0,0,0,0,0,0,0,0,0,0,0,0,0,0,0,3,4,274,0.000821,763214.000000,929191695
2024-09-11-13-33-42,4,300,60.000061,/blk/mp0,745,uniform-shuffle,"",20001.000000,2500.166748,60,1,0.990000,9.666656,0.083333,2475.764160,24.683308,0.000000,r,61,63,64,64,64,65,66,75,76,76,77,105,110,117,120,166,277,339,404,408,408,431,80.035787,118533.000000,1481,w,8,9,9,9,9,9,9,9,10,10,10,10,10,11,14,233,910,1999,3582,4840,5008,5093,39.530603,5872113.000000,148546,s,2147483647,0,0,0,0,0,0,0,0,0,0,0,0,0,0,0,0,0,0,0,0,-2147483648,0,0.000000,0,c,0,0,0,0,0,0,0,0,0,0,0,0,0,0,0,0,0,0,0,3,5,263,0.000821,763218.000000,930022732
2024-09-11-13-33-42,4,360,59.999969,/blk/mp0,745,uniform-shuffle,"",20001.000000,2500.166748,60,1,0.990000,9.650005,0.083333,2473.201172,24.466679,0.000000,r,62,63,64,64,64,65,66,74,76,76,76,87,109,117,122,160,305,357,468,515,515,553,79.958447,117379.000000,1468,w,8,9,9,9,9,9,9,9,10,10,10,10,10,11,13,125,643,1072,2205,3634,3801,3879,27.866287,4135134.000000,148392,s,2147483647,0,0,0,0,0,0,0,0,0,0,0,0,0,0,0,0,0,0,0,0,-2147483648,0,0.000000,0,c,0,0,0,0,0,0,0,0,0,0,0,0,0,0,0,0,0,0,0,3,5,284,0.000824,764783.000000,928270152
2024-09-11-13-33-42,4,420,60.000000,/blk/mp0,745,uniform-shuffle,"",20001.000000,2500.166748,60,1,0.990000,9.683333,0.083333,2479.666748,25.049999,0.000000,r,61,63,64,64,64,65,66,75,76,76,77,102,107,111,119,139,235,318,395,423,423,433,78.188290,117517.000000,1503,w,8,9,9,9,9,9,9,10,10,10,10,10,10,11,13,127,620,1002,2247,3391,3765,3786,27.369478,4072031.000000,148780,s,2147483647,0,0,0,0,0,0,0,0,0,0,0,0,0,0,0,0,0,0,0,0,-2147483648,0,0.000000,0,c,0,0,0,0,0,0,0,0,0,0,0,0,0,0,0,0,0,0,0,3,5,267,0.000850,785519.000000,924179548
2024-09-11-13-33-42,4,480,60.000000,/blk/mp0,745,uniform-shuffle,"",20001.000000,2500.166748,60,1,0.990000,9.633333,0.100000,2466.500000,25.783333,0.000000,r,62,63,64,64,64,65,66,75,76,76,77,105,109,117,121,157,246,313,403,427,427,487,79.439560,122893.000000,1547,w,9,9,9,9,9,10,10,10,10,10,10,10,11,11,14,252,862,1321,2094,2691,2834,2913,32.805750,4854923.000000,147990,s,2147483647,0,0,0,0,0,0,0,0,0,0,0,0,0,0,0,0,0,0,0,0,-2147483648,0,0.000000,0,c,0,0,0,0,0,0,0,0,0,0,0,0,0,0,0,0,0,0,0,3,5,276,0.000897,825724.000000,920837783
2024-09-11-13-33-42,4,540,60.000061,/blk/mp0,745,uniform-shuffle,"",20001.000000,2500.166748,60,1,0.990000,9.633324,0.083333,2469.964111,25.083307,0.000000,r,62,63,64,64,65,65,66,75,76,76,77,105,108,117,119,153,218,362,407,431,431,438,79.392027,119485.000000,1505,w,8,9,9,9,9,10,10,10,10,10,10,10,11,11,14,293,1487,3109,4467,5333,5463,5605,52.833473,7829815.000000,148198,s,2147483647,0,0,0,0,0,0,0,0,0,0,0,0,0,0,0,0,0,0,0,0,-2147483648,0,0.000000,0,c,0,0,0,0,0,0,0,0,0,0,0,0,0,0,0,0,0,0,0,3,5,277,0.000898,826621.000000,920737286
2024-09-11-13-33-42,4,600,59.999939,/blk/mp0,745,uniform-shuffle,"",20001.000000,2500.166748,60,1,0.990000,9.633343,0.083333,2468.269287,25.566692,0.000000,r,62,63,64,64,65,65,67,75,76,76,78,106,112,118,128,165,279,348,410,422,422,426,80.885919,124079.000000,1534,w,8,9,9,9,9,10,10,10,10,10,10,10,11,11,12,80,476,874,2252,3140,3356,3375,24.310305,3600259.000000,148096,s,2147483647,0,0,0,0,0,0,0,0,0,0,0,0,0,0,0,0,0,0,0,0,-2147483648,0,0.000000,0,c,0,0,0,0,0,0,0,0,0,0,0,0,0,0,0,0,0,0,0,3,5,278,0.000898,826509.000000,920575413
2024-09-11-13-33-42,4,660,60.000000,/blk/mp0,745,uniform-shuffle,"",20001.000000,2500.166748,60,1,0.990000,9.633333,0.083333,2469.649902,25.450001,0.000000,r,62,63,64,64,65,65,66,75,76,76,77,104,108,113,118,143,223,343,380,408,408,438,78.934512,120533.000000,1527,w,8,9,9,9,9,10,10,10,10,10,10,10,11,11,13,93,712,1628,3757,5228,5718,5825,34.900229,5171481.000000,148179,s,2147483647,0,0,0,0,0,0,0,0,0,0,0,0,0,0,0,0,0,0,0,0,-2147483648,0,0.000000,0,c,0,0,0,0,0,0,0,0,0,0,0,0,0,0,0,0,0,0,0,3,5,273,0.000899,827334.000000,920643970
2024-09-11-13-33-42,4,720,60.000122,/blk/mp0,745,uniform-shuffle,"",20001.000000,2500.166748,60,1,0.990000,9.666647,0.100000,2475.811523,26.099947,0.000000,r,62,63,64,64,64,65,66,75,76,76,77,105,109,116,119,140,271,361,404,405,405,431,79.489783,124481.000000,1566,w,8,9,9,9,9,10,10,10,10,10,10,10,11,11,15,271,968,1854,3694,5194,5398,5441,41.153074,6113248.000000,148549,s,2147483647,0,0,0,0,0,0,0,0,0,0,0,0,0,0,0,0,0,0,0,0,-2147483648,0,0.000000,0,c,0,0,0,0,0,0,0,0,0,0,0,0,0,0,0,0,0,0,0,3,5,281,0.000898,828175.000000,922294301
2024-09-11-13-33-42,4,780,59.999939,/blk/mp0,745,uniform-shuffle,"",20001.000000,2500.166748,60,1,0.990000,9.633343,0.083333,2467.335938,24.833359,0.000000,r,61,63,64,64,64,65,66,75,76,76,77,105,109,118,124,160,277,317,368,379,379,542,79.920134,119081.000000,1490,w,9,9,9,9,9,10,10,10,10,10,10,10,11,11,13,145,719,1471,3342,4150,4210,4231,33.205289,4915711.000000,148040,s,2147483647,0,0,0,0,0,0,0,0,0,0,0,0,0,0,0,0,0,0,0,0,-2147483648,0,0.000000,0,c,0,0,0,0,0,0,0,0,0,0,0,0,0,0,0,0,0,0,0,3,5,343,0.000899,826533.000000,919572025
2024-09-11-13-33-42,4,840,59.999939,/blk/mp0,745,uniform-shuffle,"",20001.000000,2500.166748,60,1,0.990000,9.666677,0.083333,2475.585938,23.583357,0.000000,r,62,63,64,64,65,65,66,75,76,76,77,83,107,111,119,148,295,384,434,450,450,463,78.777385,111470.000000,1415,w,9,9,9,9,9,10,10,10,10,10,10,10,11,11,13,144,662,1080,2060,2809,2983,3197,28.061696,4168144.000000,148535,s,2147483647,0,0,0,0,0,0,0,0,0,0,0,0,0,0,0,0,0,0,0,0,-2147483648,0,0.000000,0,c,0,0,0,0,0,0,0,0,0,0,0,0,0,0,0,0,0,0,0,3,5,281,0.000901,827727.000000,919149646
2024-09-11-13-33-42,4,900,60.000061,/blk/mp0,745,uniform-shuffle,"",20001.000000,2500.166748,60,1,0.990000,9.683324,0.100000,2482.397461,26.099974,0.000000,r,61,63,64,64,65,65,66,75,76,76,77,106,110,117,121,155,261,330,408,418,418,455,80.211367,125611.000000,1566,w,8,9,9,9,9,10,10,10,10,10,10,10,11,11,13,163,704,1172,3290,4148,4340,4490,32.423394,4829270.000000,148944,s,2147483647,0,0,0,0,0,0,0,0,0,0,0,0,0,0,0,0,0,0,0,0,-2147483648,0,0.000000,0,c,0,0,0,0,0,0,0,0,0,0,0,0,0,0,0,0,0,0,0,3,5,265,0.000898,827270.000000,921561205
2024-09-11-13-33-42,4,960,59.999939,/blk/mp0,745,uniform-shuffle,"",20001.000000,2500.166748,60,1,0.990000,9.683343,0.100000,2481.069092,25.983360,0.000000,r,62,63,64,64,64,65,66,75,76,76,77,106,110,118,120,150,278,361,388,392,392,408,79.874278,124524.000000,1559,w,9,9,9,9,9,10,10,10,10,10,10,10,11,11,13,96,494,820,1558,2182,2382,2413,23.227133,3457684.000000,148864,s,2147483647,0,0,0,0,0,0,0,0,0,0,0,0,0,0,0,0,0,0,0,0,-2147483648,0,0.000000,0,c,0,0,0,0,0,0,0,0,0,0,0,0,0,0,0,0,0,0,0,3,5,277,0.000902,830671.000000,921193009
2024-09-11-13-55-26,4,60,60.000122,/blk/mp0,745,uniform-shuffle,"",10001.000000,833.500000,60,1,0.990000,3.216660,0.016667,827.498291,8.516649,0.000000,r,62,63,64,64,65,65,66,75,76,76,76,77,78,104,109,123,162,245,437,437,437,444,75.205479,38430.000000,511,w,8,9,9,9,9,10,10,10,10,10,10,10,10,11,11,12,21,3262,19998,19998,19998,19998,95.968298,4764826.000000,49650,s,19999,0,0,0,0,0,0,0,0,0,0,0,0,0,0,0,0,0,0,0,0,0,0,0.000000,0,c,0,0,0,0,0,0,0,0,0,0,0,0,0,0,0,0,0,0,0,2,4,131,0.000446,415692.000000,932710249
2024-09-11-13-55-26,4,120,59.999989,/blk/mp0,745,uniform-shuffle,"",10001.000000,833.500000,60,1,0.990000,3.200001,0.033333,823.350159,8.933335,0.000000,r,62,63,64,64,64,65,66,74,75,76,76,77,80,104,109,119,159,242,289,289,289,343,73.955224,39640.000000,536,w,8,9,9,9,9,10,10,10,10,10,10,10,10,11,11,12,17,21,318,953,1304,1462,10.815125,534278.000000,49401,s,2147483647,0,0,0,0,0,0,0,0,0,0,0,0,0,0,0,0,0,0,0,0,-2147483648,0,0.000000,0,c,0,0,0,0,0,0,0,0,0,0,0,0,0,0,0,0,0,0,0,3,5,310,0.000457,425208.000000,930199814
2024-09-11-13-55-26,4,180,60.000053,/blk/mp0,745,uniform-shuffle,"",10001.000000,833.500000,60,1,0.990000,3.216664,0.033333,827.399292,8.983325,0.000000,r,62,63,64,64,65,65,66,67,75,76,76,77,78,105,107,117,119,128,131,131,131,204,72.202226,38917.000000,539,w,8,9,9,9,9,10,10,10,10,10,10,10,10,11,11,12,16,20,242,720,923,1140,10.527919,522648.000000,49644,s,2147483647,0,0,0,0,0,0,0,0,0,0,0,0,0,0,0,0,0,0,0,0,-2147483648,0,0.000000,0,c,0,0,0,0,0,0,0,0,0,0,0,0,0,0,0,0,0,0,0,3,5,271,0.000457,426607.000000,932585090
2024-09-11-13-55-26,4,240,59.999985,/blk/mp0,745,uniform-shuffle,"",10001.000000,833.500000,60,1,0.990000,3.216667,0.033333,826.800232,8.900002,0.000000,r,62,63,64,64,64,65,66,66,75,76,76,77,77,83,107,118,141,232,320,320,320,359,72.767790,38858.000000,534,w,8,9,9,9,9,10,10,10,10,10,10,10,10,11,11,12,17,21,274,939,1024,1038,10.687228,530172.000000,49608,s,2147483647,0,0,0,0,0,0,0,0,0,0,0,0,0,0,0,0,0,0,0,0,-2147483648,0,0.000000,0,c,0,0,0,0,0,0,0,0,0,0,0,0,0,0,0,0,0,0,0,2,4,270,0.000446,414825.000000,930852994
2024-09-11-13-55-26,4,300,59.999969,/blk/mp0,745,uniform-shuffle,"",10001.000000,833.500000,60,1,0.990000,3.183335,0.016667,816.433777,7.583337,0.000000,r,62,63,64,65,65,66,66,68,76,76,76,77,78,85,106,116,120,150,270,270,270,334,72.927473,33182.000000,455,w,9,9,9,9,9,10,10,10,10,10,10,10,10,11,11,12,17,21,334,683,732,750,10.726820,525464.000000,48986,s,2147483647,0,0,0,0,0,0,0,0,0,0,0,0,0,0,0,0,0,0,0,0,-2147483648,0,0.000000,0,c,0,0,0,0,0,0,0,0,0,0,0,0,0,0,0,0,0,0,0,2,5,268,0.000449,417909.000000,931619391
2024-09-11-13-55-26,4,360,60.000031,/blk/mp0,745,uniform-shuffle,"",10001.000000,833.500000,60,1,0.990000,3.216665,0.016667,823.916260,8.183330,0.000000,r,62,63,64,64,65,65,66,67,75,76,76,77,79,105,108,118,173,287,304,304,304,344,73.786151,36229.000000,491,w,8,9,9,9,9,10,10,10,10,10,10,10,10,11,11,12,17,20,122,565,695,728,10.216527,505054.000000,49435,s,2147483647,0,0,0,0,0,0,0,0,0,0,0,0,0,0,0,0,0,0,0,0,-2147483648,0,0.000000,0,c,0,0,0,0,0,0,0,0,0,0,0,0,0,0,0,0,0,0,0,3,5,282,0.000455,423993.000000,932157620
2024-09-11-13-55-26,4,420,60.000000,/blk/mp0,745,uniform-shuffle,"",10001.000000,833.500000,60,1,0.990000,3.216667,0.016667,825.000000,8.066667,0.000000,r,62,63,64,64,65,65,66,75,76,76,77,77,94,108,118,123,173,197,397,397,397,418,75.452479,36519.000000,484,w,8,9,9,9,10,10,10,10,10,10,10,10,11,11,11,12,17,20,224,553,817,957,10.534283,521447.000000,49500,s,2147483647,0,0,0,0,0,0,0,0,0,0,0,0,0,0,0,0,0,0,0,0,-2147483648,0,0.000000,0,c,0,0,0,0,0,0,0,0,0,0,0,0,0,0,0,0,0,0,0,3,5,266,0.000461,429259.000000,931188262
2024-09-11-13-55-26,4,480,60.000031,/blk/mp0,745,uniform-shuffle,"",10001.000000,833.500000,60,1,0.990000,3.183332,0.016667,818.299561,8.399996,0.000000,r,63,63,64,64,65,66,66,68,76,76,77,77,103,108,118,140,168,281,342,342,342,380,76.033730,38321.000000,504,w,9,9,10,10,10,10,10,10,10,10,10,10,11,11,11,12,16,20,163,697,924,1147,10.576052,519263.000000,49098,s,2147483647,0,0,0,0,0,0,0,0,0,0,0,0,0,0,0,0,0,0,0,0,-2147483648,0,0.000000,0,c,0,0,0,0,0,0,0,0,0,0,0,0,0,0,0,0,0,0,0,3,5,264,0.000486,449150.000000,923991815
2024-09-11-13-55-26,4,540,59.999969,/blk/mp0,745,uniform-shuffle,"",10001.000000,833.500000,60,1,0.990000,3.216668,0.016667,826.500427,8.450005,0.000000,r,62,63,64,64,65,66,66,67,76,76,76,77,78,98,107,118,155,204,282,282,282,347,73.573964,37302.000000,507,w,9,9,10,10,10,10,10,10,10,10,10,10,11,11,11,12,17,21,331,908,1084,1166,10.987639,544877.000000,49590,s,2147483647,0,0,0,0,0,0,0,0,0,0,0,0,0,0,0,0,0,0,0,0,-2147483648,0,0.000000,0,c,0,0,0,0,0,0,0,0,0,0,0,0,0,0,0,0,0,0,0,3,5,261,0.000494,456246.000000,922787371
2024-09-11-13-55-26,4,600,60.000000,/blk/mp0,745,uniform-shuffle,"",10001.000000,833.500000,60,1,0.990000,3.233333,0.016667,828.066650,8.433333,0.000000,r,62,63,64,64,65,66,66,67,76,76,77,77,79,105,107,118,125,155,316,316,316,389,73.474308,37178.000000,506,w,9,9,10,10,10,10,10,10,10,10,10,10,11,11,11,12,17,20,190,898,1145,1241,10.737984,533506.000000,49684,s,2147483647,0,0,0,0,0,0,0,0,0,0,0,0,0,0,0,0,0,0,0,0,-2147483648,0,0.000000,0,c,0,0,0,0,0,0,0,0,0,0,0,0,0,0,0,0,0,0,0,3,5,256,0.000495,456829.000000,923649742
2024-09-11-13-55-26,4,660,60.000000,/blk/mp0,745,uniform-shuffle,"",10001.000000,833.500000,60,1,0.990000,3.216667,0.016667,824.083313,8.200000,0.000000,r,62,63,64,64,65,65,66,70,76,76,77,77,78,105,108,117,119,120,155,155,155,231,72.853659,35844.000000,492,w,9,9,10,10,10,10,10,10,10,10,10,11,11,11,11,12,18,21,261,867,1003,1024,10.948812,541364.000000,49445,s,2147483647,0,0,0,0,0,0,0,0,0,0,0,0,0,0,0,0,0,0,0,0,-2147483648,0,0.000000,0,c,0,0,0,0,0,0,0,0,0,0,0,0,0,0,0,0,0,0,0,3,5,257,0.000493,455840.000000,925020309
2024-09-11-13-55-26,4,720,60.000000,/blk/mp0,745,uniform-shuffle,"",10001.000000,833.500000,60,1,0.990000,3.216667,0.016667,823.950012,8.066667,0.000000,r,62,63,64,64,65,66,66,68,76,76,77,77,78,106,109,118,121,153,183,183,183,200,73.016529,35340.000000,484,w,9,9,10,10,10,10,10,10,10,10,10,11,11,11,11,13,18,39,787,1506,1811,1916,12.381192,612089.000000,49437,s,2147483647,0,0,0,0,0,0,0,0,0,0,0,0,0,0,0,0,0,0,0,0,-2147483648,0,0.000000,0,c,0,0,0,0,0,0,0,0,0,0,0,0,0,0,0,0,0,0,0,3,5,261,0.000497,456609.000000,918140726
2024-09-11-13-55-26,4,780,60.000000,/blk/mp0,745,uniform-shuffle,"",10001.000000,833.500000,60,1,0.990000,3.233333,0.033333,828.250000,8.883333,0.000000,r,62,63,64,64,65,66,66,67,76,76,77,77,78,106,116,122,155,188,252,252,252,411,74.090056,39490.000000,533,w,9,9,10,10,10,10,10,10,10,10,10,11,11,11,11,12,17,20,121,426,559,853,10.489425,521272.000000,49695,s,2147483647,0,0,0,0,0,0,0,0,0,0,0,0,0,0,0,0,0,0,0,0,-2147483648,0,0.000000,0,c,0,0,0,0,0,0,0,0,0,0,0,0,0,0,0,0,0,0,0,3,5,259,0.000501,458299.000000,914690157
2024-09-11-13-55-26,4,840,60.000061,/blk/mp0,745,uniform-shuffle,"",10001.000000,833.500000,60,1,0.990000,3.216663,0.016667,827.182495,7.949992,0.000000,r,62,63,64,65,65,66,66,67,76,76,77,77,80,107,113,119,169,353,359,359,359,392,75.366876,35950.000000,477,w,9,9,10,10,10,10,10,10,10,10,10,11,11,11,11,12,17,20,187,658,833,836,10.675042,529813.000000,49631,s,2147483647,0,0,0,0,0,0,0,0,0,0,0,0,0,0,0,0,0,0,0,0,-2147483648,0,0.000000,0,c,0,0,0,0,0,0,0,0,0,0,0,0,0,0,0,0,0,0,0,3,5,270,0.000499,456390.000000,915065077
2024-09-11-13-55-26,4,900,59.999939,/blk/mp0,745,uniform-shuffle,"",10001.000000,833.500000,60,1,0.990000,3.216670,0.033333,825.200867,8.700008,0.000000,r,62,63,64,64,65,65,66,67,76,76,77,77,78,99,108,119,141,170,204,204,204,344,73.208812,38215.000000,522,w,9,9,10,10,10,10,10,10,10,10,10,11,11,11,11,12,17,20,135,709,912,984,10.574729,523576.000000,49512,s,2147483647,0,0,0,0,0,0,0,0,0,0,0,0,0,0,0,0,0,0,0,0,-2147483648,0,0.000000,0,c,0,0,0,0,0,0,0,0,0,0,0,0,0,0,0,0,0,0,0,3,5,262,0.000493,455083.000000,923457683
2024-09-11-13-55-26,4,960,60.000000,/blk/mp0,745,uniform-shuffle,"",10001.000000,833.500000,60,1,0.990000,3.216667,0.033333,826.900024,8.800000,0.000000,r,62,63,64,65,65,65,66,67,76,76,77,77,78,105,113,120,177,351,395,395,395,396,75.318182,39768.000000,528,w,9,9,10,10,10,10,10,10,10,10,10,10,11,11,11,12,17,20,235,665,790,829,10.749627,533332.000000,49614,s,2147483647,0,0,0,0,0,0,0,0,0,0,0,0,0,0,0,0,0,0,0,0,-2147483648,0,0.000000,0,c,0,0,0,0,0,0,0,0,0,0,0,0,0,0,0,0,0,0,0,3,5,259,0.000490,453012.000000,923903641
2024-09-11-14-17-11,4,60,60.000072,/blk/mp0,745,uniform-shuffle,"",200002.000000,32500.333984,60,1,0.990000,71.949913,0.716666,18420.861328,185.383102,0.000000,r,79,205,224,231,239,254,269,285,307,321,337,360,399,433,481,552,628,691,789,1676,1770,1866,290.405286,3230178.000000,11123,w,14,3264,3349,3367,3380,3400,3416,3432,3450,3461,3473,3490,3521,3559,3955,4916,4992,5032,5100,5168,5198,8827,3470.476728,3835754815.000000,1105253,s,19999,0,0,0,0,0,0,0,0,0,0,0,0,0,0,0,0,0,0,0,0,0,0,0.000000,0,c,0,0,0,0,0,0,0,0,0,0,0,0,0,0,0,0,0,0,2,2,5,49,0.005446,4667255.000000,856972797
2024-09-11-14-17-11,4,120,59.999992,/blk/mp0,745,uniform-shuffle,"",200002.000000,32500.333984,60,1,0.990000,72.966675,0.716667,18681.634766,187.183350,0.000000,r,111,206,226,232,239,254,268,282,302,313,328,346,382,415,471,551,623,671,787,1216,1484,1530,286.702164,3219952.000000,11231,w,3231,3365,3382,3389,3396,3407,3419,3431,3444,3452,3461,3471,3485,3494,3506,3524,3548,3564,3598,3638,3656,3678,3422.258648,3836002874.000000,1120898,s,2147483647,0,0,0,0,0,0,0,0,0,0,0,0,0,0,0,0,0,0,0,0,-2147483648,0,0.000000,0,c,0,0,0,0,0,0,0,0,0,0,0,0,0,0,0,0,0,0,2,2,6,345,0.005571,4744708.000000,851693976
2024-09-11-14-17-11,4,180,60.000015,/blk/mp0,745,uniform-shuffle,"",200002.000000,32500.333984,60,1,0.990000,73.049980,0.733333,18701.328125,189.916626,0.000000,r,113,205,225,232,240,254,268,283,303,313,328,347,381,411,468,545,625,683,793,1479,1555,1849,286.685827,3266785.000000,11395,w,3229,3359,3377,3384,3391,3403,3415,3427,3441,3449,3458,3469,3483,3492,3505,3525,3550,3567,3603,3662,3696,6388,3418.621575,3835966897.000000,1122080,s,2147483647,0,0,0,0,0,0,0,0,0,0,0,0,0,0,0,0,0,0,0,0,-2147483648,0,0.000000,0,c,0,0,0,0,0,0,0,0,0,0,0,0,0,0,0,0,0,0,2,2,5,324,0.005543,4741057.000000,855254870
2024-09-11-14-17-11,4,240,59.999985,/blk/mp0,745,uniform-shuffle,"",200002.000000,32500.333984,60,1,0.990000,73.116684,0.733334,18720.371094,188.900055,0.000000,r,111,206,226,232,240,254,267,283,302,312,327,348,386,418,465,545,621,670,905,1524,1538,1814,287.266896,3255883.000000,11334,w,3236,3357,3375,3382,3388,3400,3412,3424,3437,3445,3454,3464,3478,3487,3499,3518,3542,3559,3599,3654,3689,6658,3415.150043,3835971662.000000,1123222,s,2147483647,0,0,0,0,0,0,0,0,0,0,0,0,0,0,0,0,0,0,0,0,-2147483648,0,0.000000,0,c,0,0,0,0,0,0,0,0,0,0,0,0,0,0,0,0,0,0,2,2,6,325,0.005555,4750240.000000,855096401
2024-09-11-14-17-11,4,300,60.000000,/blk/mp0,745,uniform-shuffle,"",200002.000000,32500.333984,60,1,0.990000,73.300003,0.716667,18766.699219,186.183334,0.000000,r,110,205,225,231,239,253,266,281,301,312,326,346,382,412,466,547,625,667,779,1509,1667,1833,285.591084,3190338.000000,11171,w,3186,3348,3366,3373,3380,3392,3403,3415,3429,3436,3445,3456,3470,3480,3492,3512,3537,3554,3592,3632,3686,5018,3406.774954,3836035412.000000,1126002,s,2147483647,0,0,0,0,0,0,0,0,0,0,0,0,0,0,0,0,0,0,0,0,-2147483648,0,0.000000,0,c,0,0,0,0,0,0,0,0,0,0,0,0,0,0,0,0,0,0,2,2,6,332,0.005575,4765929.000000,854931690
2024-09-11-14-17-11,4,360,60.000000,/blk/mp0,745,uniform-shuffle,"",200002.000000,32500.333984,60,1,0.990000,73.316666,0.716667,18769.132812,186.816666,0.000000,r,88,205,223,231,238,252,265,280,297,309,324,344,376,407,463,543,618,662,795,1195,1304,1321,283.729414,3180323.000000,11209,w,3181,3348,3366,3373,3380,3392,3403,3415,3428,3436,3445,3455,3469,3478,3490,3510,3532,3548,3583,3624,3660,6127,3406.340893,3836043984.000000,1126148,s,2147483647,0,0,0,0,0,0,0,0,0,0,0,0,0,0,0,0,0,0,0,0,-2147483648,0,0.000000,0,c,0,0,0,0,0,0,0,0,0,0,0,0,0,0,0,0,0,0,2,2,6,315,0.005576,4766619.000000,854823043
2024-09-11-14-17-11,4,420,60.000000,/blk/mp0,745,uniform-shuffle,"",200002.000000,32500.333984,60,1,0.990000,73.266670,0.716667,18757.333984,185.266663,0.000000,r,121,205,223,230,237,252,266,281,300,312,327,346,380,410,468,545,622,684,837,1652,1669,1894,285.244872,3170782.000000,11116,w,3235,3351,3369,3376,3382,3394,3405,3417,3430,3438,3446,3457,3470,3479,3491,3510,3534,3551,3584,3626,3666,6152,3408.493055,3836054424.000000,1125440,s,2147483647,0,0,0,0,0,0,0,0,0,0,0,0,0,0,0,0,0,0,0,0,-2147483648,0,0.000000,0,c,0,0,0,0,0,0,0,0,0,0,0,0,0,0,0,0,0,0,2,2,6,321,0.005585,4768525.000000,853841348
2024-09-11-14-17-11,4,480,60.000000,/blk/mp0,745,uniform-shuffle,"",200002.000000,32500.333984,60,1,0.990000,73.199997,0.733333,18739.632812,190.016663,0.000000,r,90,206,225,231,240,254,267,282,301,312,327,347,380,408,461,544,626,667,1115,1701,1738,1742,286.310762,3264229.000000,11401,w,3221,3355,3372,3379,3385,3397,3408,3420,3433,3441,3450,3460,3474,3483,3495,3513,3536,3552,3587,3640,3696,6360,3411.622250,3835953002.000000,1124378,s,2147483647,0,0,0,0,0,0,0,0,0,0,0,0,0,0,0,0,0,0,0,0,-2147483648,0,0.000000,0,c,0,0,0,0,0,0,0,0,0,0,0,0,0,0,0,0,0,0,2,2,6,325,0.005688,4799034.000000,843750228
2024-09-11-14-17-11,4,540,60.000031,/blk/mp0,745,uniform-shuffle,"",200002.000000,32500.333984,60,1,0.990000,73.266632,0.733333,18759.623047,188.083237,0.000000,r,99,205,225,231,239,253,266,281,300,311,327,346,377,407,457,539,607,651,762,1478,1790,1901,284.657953,3212365.000000,11285,w,3156,3351,3368,3375,3381,3393,3404,3416,3429,3437,3446,3457,3470,3479,3492,3513,3537,3554,3588,3630,3691,4979,3408.036316,3836010700.000000,1125578,s,2147483647,0,0,0,0,0,0,0,0,0,0,0,0,0,0,0,0,0,0,0,0,-2147483648,0,0.000000,0,c,0,0,0,0,0,0,0,0,0,0,0,0,0,0,0,0,0,0,2,2,6,326,0.005715,4812662.000000,842129668
2024-09-11-14-17-11,4,600,59.999939,/blk/mp0,745,uniform-shuffle,"",200002.000000,32500.333984,60,1,0.990000,73.416740,0.733334,18794.968750,189.450195,0.000000,r,101,205,224,231,238,252,265,280,299,310,325,345,379,410,470,545,620,667,815,1873,1894,1919,285.087622,3240591.000000,11367,w,3066,3344,3362,3369,3375,3387,3398,3410,3423,3431,3440,3450,3464,3473,3485,3504,3528,3543,3579,3630,3724,5734,3401.604866,3835979603.000000,1127697,s,2147483647,0,0,0,0,0,0,0,0,0,0,0,0,0,0,0,0,0,0,0,0,-2147483648,0,0.000000,0,c,0,0,0,0,0,0,0,0,0,0,0,0,0,0,0,0,0,0,2,3,6,321,0.005729,4824558.000000,842058552
2024-09-11-14-17-11,4,660,60.000000,/blk/mp0,745,uniform-shuffle,"",200002.000000,32500.333984,60,1,0.990000,73.316666,0.733333,18769.449219,188.433334,0.000000,r,110,205,225,231,239,253,266,281,301,311,325,345,377,406,453,532,598,655,817,1246,1352,1617,284.111622,3212166.000000,11306,w,3165,3349,3366,3373,3380,3391,3403,3415,3428,3436,3444,3455,3468,3477,3489,3508,3532,3548,3586,3637,3688,5731,3406.249071,3836005297.000000,1126167,s,2147483647,0,0,0,0,0,0,0,0,0,0,0,0,0,0,0,0,0,0,0,0,-2147483648,0,0.000000,0,c,0,0,0,0,0,0,0,0,0,0,0,0,0,0,0,0,0,0,2,2,6,328,0.005720,4817761.000000,842246944
2024-09-11-14-17-11,4,720,60.000000,/blk/mp0,745,uniform-shuffle,"",200002.000000,32500.333984,60,1,0.990000,73.333336,0.733333,18775.150391,188.449997,0.000000,r,105,205,225,231,239,253,266,281,299,310,325,344,377,409,464,544,619,661,792,1502,1535,1774,284.908552,3221461.000000,11307,w,3143,3348,3365,3373,3379,3391,3402,3413,3427,3434,3443,3453,3467,3476,3488,3508,3533,3550,3586,3632,3657,3690,3405.207073,3835996415.000000,1126509,s,2147483647,0,0,0,0,0,0,0,0,0,0,0,0,0,0,0,0,0,0,0,0,-2147483648,0,0.000000,0,c,0,0,0,0,0,0,0,0,0,0,0,0,0,0,0,0,0,0,2,2,6,335,0.005721,4817936.000000,842198918
2024-09-11-14-17-11,4,780,60.000061,/blk/mp0,745,uniform-shuffle,"",200002.000000,32500.333984,60,1,0.990000,72.916595,0.749999,18667.164062,193.066467,0.000000,r,103,206,225,232,240,254,267,283,302,313,329,349,383,413,467,541,617,672,745,1312,1482,1837,286.411948,3317796.000000,11584,w,3191,3357,3381,3389,3397,3410,3423,3436,3451,3459,3469,3480,3495,3505,3518,3538,3563,3581,3619,3669,3714,5111,3424.823772,3835908794.000000,1120031,s,2147483647,0,0,0,0,0,0,0,0,0,0,0,0,0,0,0,0,0,0,0,0,-2147483648,0,0.000000,0,c,0,0,0,0,0,0,0,0,0,0,0,0,0,0,0,0,0,0,2,2,6,329,0.005686,4793293.000000,843059732
2024-09-11-14-17-11,4,840,60.000000,/blk/mp0,745,uniform-shuffle,"",200002.000000,32500.333984,60,1,0.990000,72.633331,0.733333,18594.533203,190.149994,0.000000,r,82,207,227,234,242,257,271,286,306,317,331,353,387,416,469,550,626,665,788,1690,1709,1825,289.739679,3305640.000000,11409,w,3097,3378,3397,3404,3411,3423,3435,3447,3461,3469,3478,3489,3503,3512,3525,3545,3568,3585,3620,3665,3709,6666,3438.216350,3835921712.000000,1115672,s,2147483647,0,0,0,0,0,0,0,0,0,0,0,0,0,0,0,0,0,0,0,0,-2147483648,0,0.000000,0,c,0,0,0,0,0,0,0,0,0,0,0,0,0,0,0,0,0,0,2,2,6,332,0.005665,4774261.000000,842817127
2024-09-11-14-17-11,4,900,60.000000,/blk/mp0,745,uniform-shuffle,"",200002.000000,32500.333984,60,1,0.990000,72.349998,0.716667,18523.900391,184.566666,0.000000,r,120,207,227,233,241,256,269,284,303,313,328,347,380,414,467,549,613,661,796,1649,1673,1801,287.610078,3184994.000000,11074,w,3250,3386,3406,3415,3422,3436,3449,3462,3477,3485,3494,3506,3521,3530,3544,3564,3590,3607,3644,3692,3714,3755,3451.437111,3836044554.000000,1111434,s,2147483647,0,0,0,0,0,0,0,0,0,0,0,0,0,0,0,0,0,0,0,0,-2147483648,0,0.000000,0,c,0,0,0,0,0,0,0,0,0,0,0,0,0,0,0,0,0,0,2,2,6,330,0.005641,4756771.000000,843269918
2024-09-11-14-17-11,4,960,60.000000,/blk/mp0,745,uniform-shuffle,"",200002.000000,32500.333984,60,1,0.990000,72.283333,0.716667,18508.767578,187.233337,0.000000,r,112,207,227,233,241,256,270,285,304,316,331,352,386,416,467,554,631,685,788,1794,1825,1951,289.098985,3247738.000000,11234,w,3249,3386,3409,3417,3425,3439,3452,3466,3480,3489,3498,3510,3524,3534,3547,3567,3591,3609,3648,3696,3756,5579,3454.206642,3835986285.000000,1110526,s,2147483647,0,0,0,0,0,0,0,0,0,0,0,0,0,0,0,0,0,0,0,0,-2147483648,0,0.000000,0,c,0,0,0,0,0,0,0,0,0,0,0,0,0,0,0,0,0,0,2,2,6,334,0.005638,4752554.000000,842997871
2024-09-11-14-38-56,4,60,59.999882,/blk/mp0,745,uniform-shuffle,"",150002.000000,24167.000000,60,1,0.990000,72.450142,0.733335,18549.687500,188.133698,0.000000,r,80,207,227,234,242,256,270,285,305,317,333,353,388,418,475,556,631,669,787,1306,1408,1703,289.416549,3266934.000000,11288,w,9,3377,3400,3409,3417,3431,3445,3459,3474,3482,3492,3503,3518,3528,3541,3561,3586,3603,3638,3687,3741,6334,3445.959032,3835280037.000000,1112979,s,19999,0,0,0,0,0,0,0,0,0,0,0,0,0,0,0,0,0,0,0,0,0,0,0.000000,0,c,0,0,0,0,0,0,0,0,0,0,0,0,0,0,0,0,0,0,2,2,5,45,0.005182,4445579.000000,857864027
2024-09-11-14-38-56,4,120,60.000019,/blk/mp0,745,uniform-shuffle,"",150002.000000,24167.000000,60,1,0.990000,72.433311,0.733333,18544.494141,188.249939,0.000000,r,102,206,227,234,242,256,269,284,304,315,330,351,384,417,472,548,619,657,760,1558,1570,1669,288.341656,3256819.000000,11295,w,3169,3384,3403,3411,3418,3431,3444,3457,3472,3480,3490,3502,3516,3526,3539,3560,3585,3603,3641,3686,3725,5435,3447.540449,3835974831.000000,1112670,s,2147483647,0,0,0,0,0,0,0,0,0,0,0,0,0,0,0,0,0,0,0,0,-2147483648,0,0.000000,0,c,0,0,0,0,0,0,0,0,0,0,0,0,0,0,0,0,0,0,2,2,6,336,0.005440,4647308.000000,854311363
2024-09-11-14-38-56,4,180,60.000099,/blk/mp0,745,uniform-shuffle,"",150002.000000,24167.000000,60,1,0.990000,72.583214,0.733332,18583.869141,189.216354,0.000000,r,101,206,227,233,241,256,269,285,304,315,331,352,385,415,469,547,621,680,875,1568,1676,1683,288.702369,3277638.000000,11353,w,3223,3374,3396,3404,3411,3425,3438,3451,3465,3473,3483,3494,3509,3519,3532,3552,3577,3594,3630,3697,3735,6499,3440.213231,3835954720.000000,1115034,s,2147483647,0,0,0,0,0,0,0,0,0,0,0,0,0,0,0,0,0,0,0,0,-2147483648,0,0.000000,0,c,0,0,0,0,0,0,0,0,0,0,0,0,0,0,0,0,0,0,2,2,6,345,0.005541,4736262.000000,854767069
2024-09-11-14-38-56,4,240,59.999908,/blk/mp0,745,uniform-shuffle,"",150002.000000,24167.000000,60,1,0.990000,72.716774,0.716668,18617.578125,186.483612,0.000000,r,99,206,227,233,241,255,268,283,303,314,329,349,384,417,472,547,618,673,798,1683,1728,1928,287.629815,3218290.000000,11189,w,3237,3373,3392,3400,3406,3419,3431,3443,3457,3465,3474,3485,3499,3508,3521,3541,3564,3580,3616,3657,3700,6095,3434.036817,3836001129.000000,1117053,s,2147483647,0,0,0,0,0,0,0,0,0,0,0,0,0,0,0,0,0,0,0,0,-2147483648,0,0.000000,0,c,0,0,0,0,0,0,0,0,0,0,0,0,0,0,0,0,0,0,2,2,6,324,0.005554,4746400.000000,854651600
2024-09-11-14-38-56,4,300,60.000076,/blk/mp0,745,uniform-shuffle,"",150002.000000,24167.000000,60,1,0.990000,72.833244,0.716666,18645.693359,187.666428,0.000000,r,106,206,224,231,238,253,266,282,301,312,326,347,384,413,466,549,624,674,841,1757,1816,1822,286.091741,3221393.000000,11260,w,3239,3366,3386,3394,3401,3414,3426,3439,3453,3461,3470,3481,3495,3505,3517,3537,3561,3577,3612,3664,3716,3880,3428.858216,3836011127.000000,1118743,s,2147483647,0,0,0,0,0,0,0,0,0,0,0,0,0,0,0,0,0,0,0,0,-2147483648,0,0.000000,0,c,0,0,0,0,0,0,0,0,0,0,0,0,0,0,0,0,0,0,2,2,6,329,0.005565,4755333.000000,854446215
2024-09-11-14-38-56,4,360,59.999939,/blk/mp0,745,uniform-shuffle,"",150002.000000,24167.000000,60,1,0.990000,72.916740,0.716667,18669.986328,187.266861,0.000000,r,113,205,226,232,240,254,267,283,302,313,328,348,383,416,469,554,630,687,845,1775,1809,1814,287.430402,3229568.000000,11236,w,3197,3363,3383,3390,3397,3410,3422,3434,3447,3455,3464,3475,3489,3498,3510,3531,3554,3571,3607,3660,3710,3894,3424.391611,3835996634.000000,1120198,s,2147483647,0,0,0,0,0,0,0,0,0,0,0,0,0,0,0,0,0,0,0,0,-2147483648,0,0.000000,0,c,0,0,0,0,0,0,0,0,0,0,0,0,0,0,0,0,0,0,2,2,6,327,0.005576,4763114.000000,854186021
2024-09-11-14-38-56,4,420,60.000000,/blk/mp0,745,uniform-shuffle,"",150002.000000,24167.000000,60,1,0.990000,72.916664,0.733333,18670.066406,188.383331,0.000000,r,109,206,226,232,240,254,267,283,302,313,328,349,384,415,471,552,634,686,819,1384,1763,1794,287.320004,3247578.000000,11303,w,3239,3365,3384,3391,3397,3409,3421,3433,3447,3455,3464,3475,3488,3498,3510,3530,3555,3573,3612,3657,3688,4399,3424.358324,3835979892.000000,1120204,s,2147483647,0,0,0,0,0,0,0,0,0,0,0,0,0,0,0,0,0,0,0,0,-2147483648,0,0.000000,0,c,0,0,0,0,0,0,0,0,0,0,0,0,0,0,0,0,0,0,2,2,6,325,0.005581,4765866.000000,853984235
2024-09-11-14-38-56,4,480,59.999939,/blk/mp0,745,uniform-shuffle,"",150002.000000,24167.000000,60,1,0.990000,72.966743,0.733334,18681.419922,188.733521,0.000000,r,92,205,225,232,240,254,267,282,299,311,325,346,382,416,476,553,628,674,788,1578,1645,1769,286.325150,3242346.000000,11324,w,3104,3361,3380,3387,3394,3407,3419,3432,3446,3454,3463,3474,3488,3497,3509,3529,3552,3569,3605,3666,3698,6491,3422.273020,3835971072.000000,1120884,s,2147483647,0,0,0,0,0,0,0,0,0,0,0,0,0,0,0,0,0,0,0,0,-2147483648,0,0.000000,0,c,0,0,0,0,0,0,0,0,0,0,0,0,0,0,0,0,0,0,2,2,6,331,0.005609,4774688.000000,851292948
2024-09-11-14-38-56,4,540,60.000000,/blk/mp0,745,uniform-shuffle,"",150002.000000,24167.000000,60,1,0.990000,73.000000,0.733333,18691.099609,191.300003,0.000000,r,84,205,225,232,240,255,267,283,302,313,327,347,380,411,465,543,616,666,777,1548,1716,1801,286.343875,3286655.000000,11478,w,3096,3362,3380,3387,3393,3405,3417,3429,3442,3450,3459,3470,3485,3494,3506,3526,3550,3566,3603,3650,3690,5457,3420.469580,3835940338.000000,1121466,s,2147483647,0,0,0,0,0,0,0,0,0,0,0,0,0,0,0,0,0,0,0,0,-2147483648,0,0.000000,0,c,0,0,0,0,0,0,0,0,0,0,0,0,0,0,0,0,0,0,2,2,6,331,0.005637,4777972.000000,847648660
2024-09-11-14-38-56,4,600,60.000000,/blk/mp0,745,uniform-shuffle,"",150002.000000,24167.000000,60,1,0.990000,73.033333,0.733333,18699.166016,187.766663,0.000000,r,95,205,224,231,239,254,267,282,300,310,326,346,380,412,465,541,616,668,1013,1783,1831,1876,285.687733,3218558.000000,11266,w,3238,3362,3379,3386,3392,3404,3415,3427,3441,3448,3457,3467,3481,3490,3503,3522,3545,3562,3596,3645,3691,3719,3419.048670,3836001655.000000,1121950,s,2147483647,0,0,0,0,0,0,0,0,0,0,0,0,0,0,0,0,0,0,0,0,-2147483648,0,0.000000,0,c,0,0,0,0,0,0,0,0,0,0,0,0,0,0,0,0,0,0,2,2,6,338,0.005640,4780201.000000,847488279
2024-09-11-14-38-56,4,660,60.000000,/blk/mp0,745,uniform-shuffle,"",150002.000000,24167.000000,60,1,0.990000,73.283333,0.733333,18763.433594,191.449997,0.000000,r,101,205,224,230,238,252,266,281,300,312,328,349,387,422,477,551,622,670,886,1528,1622,1779,286.416297,3290064.000000,11487,w,3134,3348,3366,3373,3380,3392,3404,3416,3430,3438,3447,3458,3472,3481,3493,3512,3535,3552,3586,3641,3704,4854,3407.274572,3835930157.000000,1125806,s,2147483647,0,0,0,0,0,0,0,0,0,0,0,0,0,0,0,0,0,0,0,0,-2147483648,0,0.000000,0,c,0,0,0,0,0,0,0,0,0,0,0,0,0,0,0,0,0,0,2,2,6,329,0.005661,4796064.000000,847248151
2024-09-11-14-38-56,4,720,60.000061,/blk/mp0,745,uniform-shuffle,"",150002.000000,24167.000000,60,1,0.990000,73.216591,0.733333,18747.115234,189.716476,0.000000,r,102,205,224,231,239,253,266,282,302,313,329,348,384,420,476,548,618,661,820,1345,1395,1751,286.440394,3260551.000000,11383,w,3217,3353,3371,3377,3384,3395,3407,3419,3432,3439,3448,3459,3472,3481,3493,3512,3535,3551,3585,3634,3687,5492,3410.265403,3835962013.000000,1124828,s,2147483647,0,0,0,0,0,0,0,0,0,0,0,0,0,0,0,0,0,0,0,0,-2147483648,0,0.000000,0,c,0,0,0,0,0,0,0,0,0,0,0,0,0,0,0,0,0,0,2,2,6,327,0.005651,4790073.000000,847667572
2024-09-11-14-38-56,4,780,60.000000,/blk/mp0,745,uniform-shuffle,"",150002.000000,24167.000000,60,1,0.990000,73.166664,0.750000,18734.166016,192.250000,0.000000,r,84,205,224,231,239,254,267,282,300,311,326,346,380,407,464,545,621,663,799,1672,1784,1892,285.258084,3290452.000000,11535,w,3169,3352,3371,3378,3385,3397,3409,3421,3435,3443,3452,3463,3477,3487,3499,3518,3540,3556,3593,3632,3667,3753,3412.599185,3835932114.000000,1124050,s,2147483647,0,0,0,0,0,0,0,0,0,0,0,0,0,0,0,0,0,0,0,0,-2147483648,0,0.000000,0,c,0,0,0,0,0,0,0,0,0,0,0,0,0,0,0,0,0,0,2,2,6,324,0.005651,4789319.000000,847574444
2024-09-11-14-38-56,4,840,59.999939,/blk/mp0,745,uniform-shuffle,"",150002.000000,24167.000000,60,1,0.990000,73.250076,0.750001,18752.218750,192.750198,0.000000,r,91,205,225,231,239,254,267,282,301,312,328,348,386,416,471,546,618,659,762,1389,1554,1635,286.317250,3311259.000000,11565,w,3221,3352,3369,3376,3382,3394,3406,3418,3431,3439,3447,3458,3472,3481,3494,3514,3537,3555,3593,3645,3681,6479,3409.293494,3835905208.000000,1125132,s,2147483647,0,0,0,0,0,0,0,0,0,0,0,0,0,0,0,0,0,0,0,0,-2147483648,0,0.000000,0,c,0,0,0,0,0,0,0,0,0,0,0,0,0,0,0,0,0,0,2,2,6,331,0.005659,4794167.000000,847137407
2024-09-11-14-38-56,4,900,60.000061,/blk/mp0,745,uniform-shuffle,"",150002.000000,24167.000000,60,1,0.990000,73.249924,0.733333,18753.513672,189.149811,0.000000,r,105,205,224,231,238,252,266,281,300,312,326,346,380,407,463,545,615,665,815,1341,1469,1789,284.760243,3231744.000000,11349,w,3154,3351,3369,3376,3382,3394,3405,3417,3431,3439,3448,3458,3472,3482,3494,3515,3538,3555,3589,3628,3666,4606,3409.128713,3835992537.000000,1125212,s,2147483647,0,0,0,0,0,0,0,0,0,0,0,0,0,0,0,0,0,0,0,0,-2147483648,0,0.000000,0,c,0,0,0,0,0,0,0,0,0,0,0,0,0,0,0,0,0,0,2,2,6,324,0.005659,4795029.000000,847319931
2024-09-11-14-38-56,4,960,59.999939,/blk/mp0,745,uniform-shuffle,"",150002.000000,24167.000000,60,1,0.990000,73.483406,0.716667,18812.652344,186.850189,0.000000,r,112,204,223,230,237,251,265,280,300,311,326,346,380,418,468,549,608,662,763,1558,1818,1821,284.470788,3189202.000000,11211,w,3228,3341,3358,3365,3372,3383,3395,3407,3420,3428,3437,3447,3461,3470,3482,3500,3524,3540,3574,3620,3685,6330,3398.431901,3836007196.000000,1128758,s,2147483647,0,0,0,0,0,0,0,0,0,0,0,0,0,0,0,0,0,0,0,0,-2147483648,0,0.000000,0,c,0,0,0,0,0,0,0,0,0,0,0,0,0,0,0,0,0,0,2,2,6,343,0.005674,4807344.000000,847190372
2024-09-11-15-00-41,4,60,60.000080,/blk/mp0,745,uniform-shuffle,"",130002.000000,20833.666016,60,1,0.990000,73.449905,0.733332,18804.757812,190.316406,0.000000,r,92,204,224,231,239,253,266,281,300,312,328,346,378,409,460,543,628,672,761,1486,1645,1709,284.974691,3254126.000000,11419,w,9,3343,3360,3367,3373,3385,3396,3408,3421,3429,3438,3448,3462,3471,3483,3503,3526,3544,3579,3623,3649,5670,3397.816844,3833712573.000000,1128287,s,19999,0,0,0,0,0,0,0,0,0,0,0,0,0,0,0,0,0,0,0,0,0,0,0.000000,0,c,0,0,0,0,0,0,0,0,0,0,0,0,0,0,0,0,0,0,2,2,6,181,0.005441,4653154.000000,855250010
2024-09-11-15-00-41,4,120,60.000004,/blk/mp0,745,uniform-shuffle,"",130002.000000,20833.666016,60,1,0.990000,72.849998,0.716667,18653.048828,186.666656,0.000000,r,104,206,227,233,241,256,270,285,305,317,332,352,386,416,473,543,623,684,843,1399,1784,1856,289.096696,3237883.000000,11200,w,3208,3367,3387,3394,3400,3413,3424,3437,3450,3458,3467,3478,3492,3501,3513,3532,3555,3572,3608,3658,4262,5836,3427.491058,3835989725.000000,1119183,s,2147483647,0,0,0,0,0,0,0,0,0,0,0,0,0,0,0,0,0,0,0,0,-2147483648,0,0.000000,0,c,0,0,0,0,0,0,0,0,0,0,0,0,0,0,0,0,0,0,2,2,6,923,0.005555,4724055.000000,850487227
2024-09-11-15-00-41,4,180,59.999992,/blk/mp0,745,uniform-shuffle,"",130002.000000,20833.666016,60,1,0.990000,72.750008,0.733333,18627.152344,189.016693,0.000000,r,87,207,228,234,242,256,269,284,303,314,329,349,383,416,479,558,626,672,803,1689,1710,1830,288.982541,3277351.000000,11341,w,3191,3373,3392,3399,3405,3418,3429,3441,3455,3463,3472,3482,3496,3505,3517,3537,3562,3580,3619,3663,3693,4939,3432.209677,3835937069.000000,1117629,s,2147483647,0,0,0,0,0,0,0,0,0,0,0,0,0,0,0,0,0,0,0,0,-2147483648,0,0.000000,0,c,0,0,0,0,0,0,0,0,0,0,0,0,0,0,0,0,0,0,2,2,6,326,0.005583,4768645.000000,854106252
2024-09-11-15-00-41,4,240,59.999985,/blk/mp0,745,uniform-shuffle,"",130002.000000,20833.666016,60,1,0.990000,72.450020,0.716667,18549.738281,187.233383,0.000000,r,102,208,228,234,242,256,269,285,304,316,331,352,385,415,470,549,624,665,792,1498,1699,1809,289.183461,3248687.000000,11234,w,3254,3387,3405,3412,3419,3431,3443,3455,3469,3477,3486,3497,3511,3521,3533,3553,3578,3595,3634,3679,3712,3735,3446.573359,3835981003.000000,1112984,s,2147483647,0,0,0,0,0,0,0,0,0,0,0,0,0,0,0,0,0,0,0,0,-2147483648,0,0.000000,0,c,0,0,0,0,0,0,0,0,0,0,0,0,0,0,0,0,0,0,2,2,6,324,0.005581,4759637.000000,852756758
2024-09-11-15-00-41,4,300,60.000046,/blk/mp0,745,uniform-shuffle,"",130002.000000,20833.666016,60,1,0.990000,72.483276,0.716666,18559.318359,185.799866,0.000000,r,88,207,227,233,241,256,269,285,304,316,331,349,387,421,483,563,637,680,773,1258,1385,1797,289.464837,3226954.000000,11148,w,3204,3379,3401,3409,3416,3429,3442,3456,3470,3478,3488,3499,3513,3522,3535,3555,3580,3598,3637,3682,3728,5896,3444.807850,3836000229.000000,1113560,s,2147483647,0,0,0,0,0,0,0,0,0,0,0,0,0,0,0,0,0,0,0,0,-2147483648,0,0.000000,0,c,0,0,0,0,0,0,0,0,0,0,0,0,0,0,0,0,0,0,2,2,6,328,0.005581,4759871.000000,852794311
2024-09-11-15-00-41,4,360,59.999939,/blk/mp0,745,uniform-shuffle,"",130002.000000,20833.666016,60,1,0.990000,72.350075,0.733334,18524.869141,190.133530,0.000000,r,106,208,230,235,243,258,272,287,307,318,333,353,386,416,467,548,624,667,778,1543,1660,1937,290.717041,3316500.000000,11408,w,3270,3391,3410,3417,3424,3436,3448,3460,3474,3482,3491,3502,3515,3525,3537,3557,3581,3599,3639,3694,3733,3765,3451.139649,3835910660.000000,1111491,s,2147483647,0,0,0,0,0,0,0,0,0,0,0,0,0,0,0,0,0,0,0,0,-2147483648,0,0.000000,0,c,0,0,0,0,0,0,0,0,0,0,0,0,0,0,0,0,0,0,2,2,6,326,0.005547,4740869.000000,854657871
2024-09-11-15-00-41,4,420,60.000153,/blk/mp0,745,uniform-shuffle,"",130002.000000,20833.666016,60,1,0.990000,72.399818,0.733331,18535.369141,188.332855,0.000000,r,111,208,229,234,242,257,270,285,305,317,332,352,386,419,470,546,636,692,901,1480,1590,1872,290.365664,3281132.000000,11300,w,3252,3387,3406,3414,3420,3433,3445,3459,3473,3481,3490,3502,3516,3526,3539,3559,3584,3602,3644,3699,3751,4909,3449.147721,3835883409.000000,1112125,s,2147483647,0,0,0,0,0,0,0,0,0,0,0,0,0,0,0,0,0,0,0,0,-2147483648,0,0.000000,0,c,0,0,0,0,0,0,0,0,0,0,0,0,0,0,0,0,0,0,2,2,6,332,0.005551,4742937.000000,854484885
2024-09-11-15-00-41,4,480,59.999878,/blk/mp0,745,uniform-shuffle,"",130002.000000,20833.666016,60,1,0.990000,72.450150,0.733335,18550.003906,189.733719,0.000000,r,111,208,228,234,242,256,270,286,308,319,334,353,391,423,479,554,636,684,783,988,1108,1121,290.776616,3310201.000000,11384,w,3120,3387,3405,3412,3419,3431,3443,3455,3469,3477,3486,3497,3511,3520,3533,3552,3576,3594,3630,3678,3716,6639,3446.445708,3835887180.000000,1112998,s,2147483647,0,0,0,0,0,0,0,0,0,0,0,0,0,0,0,0,0,0,0,0,-2147483648,0,0.000000,0,c,0,0,0,0,0,0,0,0,0,0,0,0,0,0,0,0,0,0,2,2,6,331,0.005587,4758781.000000,851704001
2024-09-11-15-00-41,4,540,59.999969,/blk/mp0,745,uniform-shuffle,"",130002.000000,20833.666016,60,1,0.990000,72.533371,0.733334,18571.175781,189.233429,0.000000,r,109,207,227,233,242,256,269,284,303,314,330,351,387,420,474,552,622,662,763,1364,1419,1879,288.619429,3276985.000000,11354,w,3220,3379,3399,3407,3414,3427,3440,3453,3467,3475,3484,3495,3510,3520,3532,3552,3576,3594,3632,3694,3762,5658,3442.564920,3835946813.000000,1114270,s,2147483647,0,0,0,0,0,0,0,0,0,0,0,0,0,0,0,0,0,0,0,0,-2147483648,0,0.000000,0,c,0,0,0,0,0,0,0,0,0,0,0,0,0,0,0,0,0,0,2,3,6,328,0.005659,4773807.000000,843524276
2024-09-11-15-00-41,4,600,60.000061,/blk/mp0,745,uniform-shuffle,"",130002.000000,20833.666016,60,1,0.990000,72.783257,0.733333,18634.080078,188.083145,0.000000,r,101,206,227,233,240,256,269,285,305,316,331,351,389,419,477,551,617,669,809,1502,1504,1801,288.961010,3260925.000000,11285,w,3220,3365,3386,3394,3401,3415,3428,3442,3456,3465,3474,3486,3500,3510,3523,3543,3568,3587,3626,3689,3732,5674,3430.951684,3835961807.000000,1118046,s,2147483647,0,0,0,0,0,0,0,0,0,0,0,0,0,0,0,0,0,0,0,0,-2147483648,0,0.000000,0,c,0,0,0,0,0,0,0,0,0,0,0,0,0,0,0,0,0,0,2,3,6,328,0.005674,4786012.000000,843473118
2024-09-11-15-00-41,4,660,60.000000,/blk/mp0,745,uniform-shuffle,"",130002.000000,20833.666016,60,1,0.990000,72.800003,0.733333,18639.916016,188.500000,0.000000,r,102,206,227,233,241,255,268,284,304,315,329,350,385,418,470,554,629,673,870,1761,1766,1853,288.554642,3263553.000000,11310,w,3183,3370,3388,3395,3402,3415,3426,3439,3453,3461,3470,3480,3494,3504,3516,3536,3560,3578,3614,3661,3687,3768,3429.877793,3835958174.000000,1118395,s,2147483647,0,0,0,0,0,0,0,0,0,0,0,0,0,0,0,0,0,0,0,0,-2147483648,0,0.000000,0,c,0,0,0,0,0,0,0,0,0,0,0,0,0,0,0,0,0,0,2,3,6,323,0.005680,4790030.000000,843326035
2024-09-11-15-00-41,4,720,59.999939,/blk/mp0,745,uniform-shuffle,"",130002.000000,20833.666016,60,1,0.990000,72.866737,0.733334,18655.718750,190.833527,0.000000,r,103,207,226,233,240,255,268,284,304,315,329,349,385,416,469,551,626,679,842,1430,1438,1439,288.001135,3297613.000000,11450,w,3201,3367,3385,3393,3399,3412,3424,3436,3450,3458,3467,3477,3492,3501,3513,3533,3557,3574,3614,3662,3721,6459,3426.943608,3835921912.000000,1119342,s,2147483647,0,0,0,0,0,0,0,0,0,0,0,0,0,0,0,0,0,0,0,0,-2147483648,0,0.000000,0,c,0,0,0,0,0,0,0,0,0,0,0,0,0,0,0,0,0,0,2,3,6,332,0.005705,4800496.000000,841419317
2024-09-11-15-00-41,4,780,60.000061,/blk/mp0,745,uniform-shuffle,"",130002.000000,20833.666016,60,1,0.990000,72.999924,0.733333,18689.580078,188.999802,0.000000,r,87,205,225,232,240,255,268,283,302,313,329,348,384,417,473,549,614,668,777,1675,1859,3519,287.066226,3255331.000000,11340,w,3225,3362,3380,3387,3393,3406,3417,3430,3443,3451,3460,3470,3484,3493,3506,3526,3551,3567,3603,3650,3746,5458,3420.751901,3835949084.000000,1121376,s,2147483647,0,0,0,0,0,0,0,0,0,0,0,0,0,0,0,0,0,0,0,0,-2147483648,0,0.000000,0,c,0,0,0,0,0,0,0,0,0,0,0,0,0,0,0,0,0,0,2,3,6,325,0.005717,4810014.000000,841366119
2024-09-11-15-00-41,4,840,59.999939,/blk/mp0,745,uniform-shuffle,"",130002.000000,20833.666016,60,1,0.990000,72.933411,0.733334,18673.302734,190.716858,0.000000,r,96,207,228,234,242,257,271,286,305,317,332,352,388,421,481,555,629,665,801,1797,1797,1887,290.409683,3323158.000000,11443,w,3187,3361,3380,3388,3395,3408,3420,3433,3448,3456,3465,3476,3491,3500,3513,3533,3558,3575,3613,3652,3681,5995,3423.696458,3835899240.000000,1120397,s,2147483647,0,0,0,0,0,0,0,0,0,0,0,0,0,0,0,0,0,0,0,0,-2147483648,0,0.000000,0,c,0,0,0,0,0,0,0,0,0,0,0,0,0,0,0,0,0,0,2,3,6,340,0.005707,4802604.000000,841469510
2024-09-11-15-00-41,4,900,60.000061,/blk/mp0,745,uniform-shuffle,"",130002.000000,20833.666016,60,1,0.990000,72.949928,0.733333,18676.197266,191.099808,0.000000,r,110,206,225,232,240,254,268,284,304,316,331,350,387,422,473,556,627,672,824,1391,1445,1532,288.121664,3303603.000000,11466,w,3244,3365,3383,3390,3396,3408,3419,3431,3445,3453,3462,3473,3486,3496,3508,3528,3552,3568,3605,3651,3701,6738,3423.170287,3835912198.000000,1120573,s,2147483647,0,0,0,0,0,0,0,0,0,0,0,0,0,0,0,0,0,0,0,0,-2147483648,0,0.000000,0,c,0,0,0,0,0,0,0,0,0,0,0,0,0,0,0,0,0,0,2,2,6,326,0.005706,4802296.000000,841557875
2024-09-11-15-00-41,4,960,59.999939,/blk/mp0,745,uniform-shuffle,"",130002.000000,20833.666016,60,1,0.990000,73.166740,0.733334,18732.134766,191.466858,0.000000,r,104,206,227,232,240,255,268,284,303,314,330,350,382,412,465,547,627,671,778,844,1638,1683,287.206563,3299429.000000,11488,w,3225,3353,3372,3379,3386,3398,3410,3422,3436,3443,3452,3463,3477,3486,3498,3518,3541,3558,3595,3655,3760,6631,3412.958174,3835915842.000000,1123927,s,2147483647,0,0,0,0,0,0,0,0,0,0,0,0,0,0,0,0,0,0,0,0,-2147483648,0,0.000000,0,c,0,0,0,0,0,0,0,0,0,0,0,0,0,0,0,0,0,0,2,3,6,329,0.005725,4816851.000000,841355483
2024-09-11-15-22-25,4,60,60.000057,/blk/mp0,745,uniform-shuffle,"",120002.000000,19167.000000,60,1,0.990000,73.083267,0.733333,18712.099609,190.666489,0.000000,r,62,205,224,232,240,254,267,283,302,313,327,347,384,412,463,539,601,649,781,1240,1338,1746,284.733916,3257356.000000,11440,w,8,3354,3374,3382,3389,3401,3413,3426,3440,3448,3457,3468,3482,3491,3504,3524,3547,3564,3601,3642,3686,6665,3397.813966,3814817481.000000,1122727,s,19999,0,0,0,0,0,0,0,0,0,0,0,0,0,0,0,0,0,0,0,0,0,0,0.000000,0,c,0,0,0,0,0,0,0,0,0,0,0,0,0,0,0,0,0,0,2,2,6,146,0.005389,4613493.000000,856124814
2024-09-11-15-22-25,4,120,59.999977,/blk/mp0,745,uniform-shuffle,"",120002.000000,19167.000000,60,1,0.990000,73.250031,0.733334,18755.824219,188.116745,0.000000,r,111,206,227,232,241,255,267,283,303,316,330,351,381,411,470,544,623,674,780,1216,1351,1656,287.458138,3244540.000000,11287,w,3145,3352,3369,3376,3382,3394,3405,3417,3430,3437,3446,3457,3470,3480,3492,3512,3535,3552,3587,3629,3693,3710,3408.689747,3835965598.000000,1125349,s,2147483647,0,0,0,0,0,0,0,0,0,0,0,0,0,0,0,0,0,0,0,0,-2147483648,0,0.000000,0,c,0,0,0,0,0,0,0,0,0,0,0,0,0,0,0,0,0,0,2,2,6,337,0.005541,4720236.000000,851877886
2024-09-11-15-22-25,4,180,60.000038,/blk/mp0,745,uniform-shuffle,"",120002.000000,19167.000000,60,1,0.990000,73.233284,0.733333,18749.937500,189.533218,0.000000,r,101,206,226,232,240,255,269,283,303,315,330,350,384,416,467,547,619,665,801,1530,1664,1774,287.581604,3270378.000000,11372,w,3048,3353,3371,3377,3383,3395,3406,3418,3431,3439,3447,3458,3471,3480,3492,3511,3534,3551,3583,3631,3679,6055,3409.736123,3835942909.000000,1124997,s,2147483647,0,0,0,0,0,0,0,0,0,0,0,0,0,0,0,0,0,0,0,0,-2147483648,0,0.000000,0,c,0,0,0,0,0,0,0,0,0,0,0,0,0,0,0,0,0,0,2,2,6,325,0.005655,4816630.000000,851780227
2024-09-11-15-22-25,4,240,60.000000,/blk/mp0,745,uniform-shuffle,"",120002.000000,19167.000000,60,1,0.990000,73.250000,0.733333,18756.033203,190.783340,0.000000,r,96,205,225,232,240,255,268,283,303,315,330,348,384,418,479,557,634,690,1128,1638,1672,1815,288.468420,3302098.000000,11447,w,3201,3351,3369,3376,3382,3394,3405,3417,3430,3438,3446,3457,3471,3480,3491,3511,3533,3550,3589,3636,3678,6508,3408.597997,3835906659.000000,1125362,s,2147483647,0,0,0,0,0,0,0,0,0,0,0,0,0,0,0,0,0,0,0,0,-2147483648,0,0.000000,0,c,0,0,0,0,0,0,0,0,0,0,0,0,0,0,0,0,0,0,2,2,6,327,0.005646,4819252.000000,853566233
2024-09-11-15-22-25,4,300,59.999939,/blk/mp0,745,uniform-shuffle,"",120002.000000,19167.000000,60,1,0.990000,73.316742,0.750001,18772.251953,194.650192,0.000000,r,94,206,226,232,241,254,268,284,303,316,330,348,383,415,474,560,633,682,904,1498,1803,1858,288.280503,3366828.000000,11679,w,3055,3349,3366,3373,3379,3391,3402,3413,3427,3434,3443,3454,3467,3477,3489,3508,3532,3549,3588,3630,3664,6584,3405.593011,3835835198.000000,1126334,s,2147483647,0,0,0,0,0,0,0,0,0,0,0,0,0,0,0,0,0,0,0,0,-2147483648,0,0.000000,0,c,0,0,0,0,0,0,0,0,0,0,0,0,0,0,0,0,0,0,2,2,6,337,0.005657,4825905.000000,853135172
2024-09-11-15-22-25,4,360,60.000061,/blk/mp0,745,uniform-shuffle,"",120002.000000,19167.000000,60,1,0.990000,73.383255,0.733333,18787.097656,190.949799,0.000000,r,98,205,225,231,239,254,268,282,300,311,326,347,381,416,469,547,620,672,1005,1492,1733,1867,286.669809,3284376.000000,11457,w,3068,3346,3364,3370,3376,3388,3399,3411,3424,3432,3441,3451,3466,3475,3486,3505,3528,3545,3578,3622,3649,6635,3402.976062,3835926497.000000,1127227,s,2147483647,0,0,0,0,0,0,0,0,0,0,0,0,0,0,0,0,0,0,0,0,-2147483648,0,0.000000,0,c,0,0,0,0,0,0,0,0,0,0,0,0,0,0,0,0,0,0,2,2,6,323,0.005660,4827911.000000,852995333
2024-09-11-15-22-25,4,420,60.000000,/blk/mp0,745,uniform-shuffle,"",120002.000000,19167.000000,60,1,0.990000,73.400002,0.733333,18793.867188,189.483337,0.000000,r,90,205,226,232,240,254,266,282,301,313,329,349,384,415,465,537,614,662,873,1357,1441,1563,286.284106,3254764.000000,11369,w,3080,3343,3361,3368,3375,3387,3398,3411,3424,3432,3441,3451,3465,3474,3486,3505,3529,3546,3582,3624,3659,5905,3401.781157,3835957290.000000,1127632,s,2147483647,0,0,0,0,0,0,0,0,0,0,0,0,0,0,0,0,0,0,0,0,-2147483648,0,0.000000,0,c,0,0,0,0,0,0,0,0,0,0,0,0,0,0,0,0,0,0,2,2,6,317,0.005660,4828244.000000,853084313
2024-09-11-15-22-25,4,480,60.000000,/blk/mp0,745,uniform-shuffle,"",120002.000000,19167.000000,60,1,0.990000,72.900002,0.733333,18663.982422,190.266663,0.000000,r,98,207,227,233,241,255,269,284,304,315,331,352,385,413,462,540,622,668,818,1541,1571,1815,287.996409,3287767.000000,11416,w,3237,3368,3385,3392,3399,3410,3421,3434,3447,3455,3463,3474,3488,3497,3509,3528,3552,3568,3606,3656,3687,3699,3425.423031,3835922302.000000,1119839,s,2147483647,0,0,0,0,0,0,0,0,0,0,0,0,0,0,0,0,0,0,0,0,-2147483648,0,0.000000,0,c,0,0,0,0,0,0,0,0,0,0,0,0,0,0,0,0,0,0,2,2,6,325,0.005630,4804870.000000,853397155
2024-09-11-15-22-25,4,540,59.999939,/blk/mp0,745,uniform-shuffle,"",120002.000000,19167.000000,60,1,0.990000,72.800072,0.733334,18637.851562,188.766861,0.000000,r,106,206,226,233,240,255,269,284,303,314,330,351,383,413,464,546,625,667,1001,1564,1601,1724,287.777503,3259368.000000,11326,w,3226,3372,3390,3397,3403,3415,3426,3438,3452,3460,3469,3479,3493,3502,3514,3534,3559,3577,3622,3695,3869,5767,3430.007363,3835674334.000000,1118270,s,2147483647,0,0,0,0,0,0,0,0,0,0,0,0,0,0,0,0,0,0,0,0,-2147483648,0,0.000000,0,c,0,0,0,0,0,0,0,0,0,0,0,0,0,0,0,0,0,0,2,2,7,323,0.005672,4807488.000000,847604732
2024-09-11-15-22-25,4,600,60.000000,/blk/mp0,745,uniform-shuffle,"",120002.000000,19167.000000,60,1,0.990000,72.566666,0.716667,18579.250000,187.166672,0.000000,r,112,208,228,234,242,256,270,285,304,317,333,353,388,418,468,553,621,671,873,1804,1819,1863,289.742565,3253809.000000,11230,w,3257,3384,3401,3408,3414,3426,3437,3449,3463,3470,3479,3490,3504,3513,3525,3545,3568,3585,3623,3687,3732,6194,3441.083180,3835964680.000000,1114755,s,2147483647,0,0,0,0,0,0,0,0,0,0,0,0,0,0,0,0,0,0,0,0,-2147483648,0,0.000000,0,c,0,0,0,0,0,0,0,0,0,0,0,0,0,0,0,0,0,0,2,2,7,321,0.005656,4793581.000000,847506710
2024-09-11-15-22-25,4,660,60.000061,/blk/mp0,745,uniform-shuffle,"",120002.000000,19167.000000,60,1,0.990000,72.449928,0.716666,18548.130859,186.799805,0.000000,r,114,207,228,234,242,257,271,286,306,318,332,351,389,423,477,558,627,665,835,1693,1735,1930,290.378926,3254567.000000,11208,w,3163,3384,3404,3412,3419,3431,3444,3457,3471,3479,3488,3499,3514,3523,3536,3556,3581,3598,3638,3676,3708,4814,3446.855405,3835967465.000000,1112889,s,2147483647,0,0,0,0,0,0,0,0,0,0,0,0,0,0,0,0,0,0,0,0,-2147483648,0,0.000000,0,c,0,0,0,0,0,0,0,0,0,0,0,0,0,0,0,0,0,0,2,2,7,321,0.005653,4788913.000000,847107646
2024-09-11-15-22-25,4,720,59.999939,/blk/mp0,745,uniform-shuffle,"",120002.000000,19167.000000,60,1,0.990000,72.516739,0.716667,18564.751953,186.883530,0.000000,r,93,207,227,233,241,256,269,284,304,316,332,351,385,419,472,547,621,664,823,1720,1780,1785,288.978864,3240320.000000,11213,w,3213,3384,3402,3409,3416,3428,3440,3452,3466,3474,3483,3494,3508,3518,3531,3551,3577,3594,3632,3684,3725,6320,3443.777828,3835969022.000000,1113884,s,2147483647,0,0,0,0,0,0,0,0,0,0,0,0,0,0,0,0,0,0,0,0,-2147483648,0,0.000000,0,c,0,0,0,0,0,0,0,0,0,0,0,0,0,0,0,0,0,0,2,2,7,337,0.005658,4793590.000000,847279439
2024-09-11-15-22-25,4,780,60.000000,/blk/mp0,745,uniform-shuffle,"",120002.000000,19167.000000,60,1,0.990000,72.400002,0.716667,18534.949219,185.683334,0.000000,r,91,208,228,235,243,257,271,286,307,319,334,356,392,429,483,555,629,679,787,1405,1463,1544,291.521677,3247843.000000,11141,w,3200,3382,3404,3413,3420,3434,3447,3460,3475,3484,3493,3505,3519,3528,3541,3562,3587,3604,3639,3685,3743,5200,3449.309470,3835966714.000000,1112097,s,2147483647,0,0,0,0,0,0,0,0,0,0,0,0,0,0,0,0,0,0,0,0,-2147483648,0,0.000000,0,c,0,0,0,0,0,0,0,0,0,0,0,0,0,0,0,0,0,0,2,2,7,322,0.005649,4786109.000000,847260142
2024-09-11-15-22-25,4,840,60.000061,/blk/mp0,745,uniform-shuffle,"",120002.000000,19167.000000,60,1,0.990000,72.516594,0.716666,18567.531250,185.949814,0.000000,r,113,209,229,235,243,257,271,287,307,319,334,354,389,420,471,551,629,682,803,1255,1486,1511,290.905082,3245628.000000,11157,w,3254,3381,3400,3408,3414,3427,3440,3453,3467,3475,3485,3496,3510,3520,3533,3554,3579,3596,3631,3668,3693,6426,3443.259897,3835974018.000000,1114053,s,2147483647,0,0,0,0,0,0,0,0,0,0,0,0,0,0,0,0,0,0,0,0,-2147483648,0,0.000000,0,c,0,0,0,0,0,0,0,0,0,0,0,0,0,0,0,0,0,0,2,2,7,324,0.005656,4793750.000000,847497358
2024-09-11-15-22-25,4,900,59.999939,/blk/mp0,745,uniform-shuffle,"",120002.000000,19167.000000,60,1,0.990000,72.600075,0.716667,18589.667969,185.800186,0.000000,r,88,208,228,234,242,256,270,284,303,314,328,347,382,412,468,559,636,689,788,1570,1672,1731,288.811895,3219675.000000,11148,w,3134,3370,3392,3401,3409,3423,3437,3451,3466,3475,3484,3496,3511,3520,3533,3553,3577,3595,3632,3690,3719,3970,3439.182708,3835992170.000000,1115379,s,2147483647,0,0,0,0,0,0,0,0,0,0,0,0,0,0,0,0,0,0,0,0,-2147483648,0,0.000000,0,c,0,0,0,0,0,0,0,0,0,0,0,0,0,0,0,0,0,0,2,2,7,316,0.005657,4798179.000000,848209776
2024-09-11-15-22-25,4,960,60.000061,/blk/mp0,745,uniform-shuffle,"",120002.000000,19167.000000,60,1,0.990000,72.649925,0.733333,18602.164062,188.466476,0.000000,r,104,208,228,235,242,257,270,285,305,317,331,351,382,412,464,541,618,682,787,1495,1688,1818,289.191015,3270172.000000,11308,w,3191,3371,3391,3399,3407,3420,3433,3447,3462,3471,3481,3492,3507,3517,3530,3552,3578,3596,3636,3695,3729,5178,3436.817146,3835938158.000000,1116131,s,2147483647,0,0,0,0,0,0,0,0,0,0,0,0,0,0,0,0,0,0,0,0,-2147483648,0,0.000000,0,c,0,0,0,0,0,0,0,0,0,0,0,0,0,0,0,0,0,0,2,2,7,322,0.005641,4797898.000000,850476389
2024-09-11-15-44-10,4,60,60.000065,/blk/mp0,745,uniform-shuffle,"",110002.000000,17500.333984,60,1,0.990000,67.566597,0.683333,17298.380859,175.083145,0.000000,r,61,106,186,214,231,253,274,294,316,329,345,367,395,417,461,542,632,683,1144,1610,1704,1831,271.177439,2848719.000000,10505,w,8,9,3379,3445,3496,3564,3614,3670,3737,3770,3800,3834,3885,3944,4084,4244,4324,4360,4420,4495,4550,5916,3064.010779,3180149044.000000,1037904,s,19999,0,0,0,0,0,0,0,0,0,0,0,0,0,0,0,0,0,0,0,0,0,0,0.000000,0,c,0,0,0,0,0,0,0,0,0,0,0,0,0,0,0,0,0,0,2,3,6,128,0.004694,4044523.000000,861656949
2024-09-11-15-44-10,4,120,59.999985,/blk/mp0,745,uniform-shuffle,"",110002.000000,17500.333984,60,1,0.990000,67.850014,0.683334,17370.937500,177.200043,0.000000,r,61,108,192,216,233,254,273,293,314,326,340,361,392,420,468,550,622,688,830,1399,1463,1645,271.536305,2886974.000000,10632,w,8,10,3487,3536,3561,3598,3636,3678,3723,3745,3768,3792,3819,3835,3855,3885,3920,3945,4008,4100,4194,5939,3118.004547,3249758947.000000,1042256,s,2147483647,0,0,0,0,0,0,0,0,0,0,0,0,0,0,0,0,0,0,0,0,-2147483648,0,0.000000,0,c,0,0,0,0,0,0,0,0,0,0,0,0,0,0,0,0,0,0,2,3,6,338,0.004863,4172924.000000,858139793
2024-09-11-15-44-10,4,180,60.000015,/blk/mp0,745,uniform-shuffle,"",110002.000000,17500.333984,60,1,0.990000,67.866646,0.683333,17374.328125,175.833282,0.000000,r,61,105,119,166,207,240,263,284,306,320,335,356,386,415,465,552,639,696,1145,1684,1827,1905,257.641611,2718119.000000,10550,w,8,9,1352,3344,3529,3590,3635,3678,3719,3738,3757,3777,3800,3814,3832,3859,3891,3911,3958,4030,4363,5504,2912.006831,3035650641.000000,1042460,s,2147483647,0,0,0,0,0,0,0,0,0,0,0,0,0,0,0,0,0,0,0,0,-2147483648,0,0.000000,0,c,0,0,0,0,0,0,0,0,0,0,0,0,0,0,0,0,0,0,2,3,6,337,0.005023,4286355.000000,853302471
2024-09-11-15-44-10,4,240,59.999985,/blk/mp0,745,uniform-shuffle,"",110002.000000,17500.333984,60,1,0.990000,67.783348,0.666667,17355.220703,173.850037,0.000000,r,61,108,184,215,232,254,274,293,315,329,344,367,396,425,478,561,659,707,1014,1753,1826,1957,273.373981,2851564.000000,10431,w,8,10,3449,3538,3570,3615,3656,3695,3734,3753,3771,3791,3814,3828,3846,3874,3906,3927,3975,4042,4082,6623,3100.085792,3228159636.000000,1041313,s,2147483647,0,0,0,0,0,0,0,0,0,0,0,0,0,0,0,0,0,0,0,0,-2147483648,0,0.000000,0,c,0,0,0,0,0,0,0,0,0,0,0,0,0,0,0,0,0,0,2,3,6,320,0.005007,4299137.000000,858655778
2024-09-11-15-44-10,4,300,60.000000,/blk/mp0,745,uniform-shuffle,"",110002.000000,17500.333984,60,1,0.990000,67.766670,0.683333,17351.566406,175.666672,0.000000,r,61,106,160,205,224,249,270,290,312,326,341,361,393,420,465,550,634,683,814,1452,1512,1527,266.631309,2810294.000000,10540,w,8,10,3306,3512,3551,3603,3650,3694,3734,3753,3772,3792,3816,3831,3849,3876,3906,3928,3974,4056,4327,4861,3036.651975,3161440151.000000,1041094,s,2147483647,0,0,0,0,0,0,0,0,0,0,0,0,0,0,0,0,0,0,0,0,-2147483648,0,0.000000,0,c,0,0,0,0,0,0,0,0,0,0,0,0,0,0,0,0,0,0,2,3,6,319,0.004998,4290624.000000,858483538
2024-09-11-15-44-10,4,360,60.000000,/blk/mp0,745,uniform-shuffle,"",110002.000000,17500.333984,60,1,0.990000,67.650002,0.666667,17322.367188,174.866669,0.000000,r,61,105,132,196,220,247,268,288,310,323,338,359,388,415,459,544,635,697,787,1573,1577,1952,262.614087,2755347.000000,10492,w,8,9,3074,3503,3549,3600,3641,3682,3726,3747,3769,3791,3817,3833,3852,3881,3914,3936,3987,4066,4132,4226,3006.671755,3124960235.000000,1039342,s,2147483647,0,0,0,0,0,0,0,0,0,0,0,0,0,0,0,0,0,0,0,0,-2147483648,0,0.000000,0,c,0,0,0,0,0,0,0,0,0,0,0,0,0,0,0,0,0,0,2,3,6,328,0.004979,4273078.000000,858149918
2024-09-11-15-44-10,4,420,60.000000,/blk/mp0,745,uniform-shuffle,"",110002.000000,17500.333984,60,1,0.990000,67.633331,0.666667,17316.083984,172.116669,0.000000,r,61,108,191,217,233,255,274,295,316,329,345,366,398,426,479,566,644,691,872,1582,1635,1762,274.175366,2831409.000000,10327,w,8,10,3463,3539,3569,3612,3653,3697,3737,3755,3774,3793,3815,3829,3846,3872,3904,3925,3974,4055,4303,5199,3116.954726,3238406867.000000,1038965,s,2147483647,0,0,0,0,0,0,0,0,0,0,0,0,0,0,0,0,0,0,0,0,-2147483648,0,0.000000,0,c,0,0,0,0,0,0,0,0,0,0,0,0,0,0,0,0,0,0,2,3,6,322,0.005001,4294612.000000,858755462
2024-09-11-15-44-10,4,480,60.000000,/blk/mp0,745,uniform-shuffle,"",110002.000000,17500.333984,60,1,0.990000,67.633331,0.683333,17314.333984,175.216660,0.000000,r,61,105,136,195,220,249,271,290,310,323,338,358,390,416,465,557,632,682,812,1489,1694,1764,263.966708,2775082.000000,10513,w,8,10,2874,3497,3552,3606,3650,3692,3733,3752,3772,3792,3815,3829,3847,3873,3903,3925,3970,4032,4168,5007,3003.915115,3120647256.000000,1038860,s,2147483647,0,0,0,0,0,0,0,0,0,0,0,0,0,0,0,0,0,0,0,0,-2147483648,0,0.000000,0,c,0,0,0,0,0,0,0,0,0,0,0,0,0,0,0,0,0,0,2,3,6,322,0.004984,4280922.000000,858915544
2024-09-11-15-44-10,4,540,60.000031,/blk/mp0,745,uniform-shuffle,"",110002.000000,17500.333984,60,1,0.990000,67.716629,0.683333,17338.240234,177.416580,0.000000,r,61,105,135,198,222,249,271,290,312,324,338,358,389,414,462,548,637,691,995,1473,1561,1803,264.252701,2812970.000000,10645,w,8,9,2651,3475,3533,3591,3637,3682,3732,3756,3780,3805,3833,3850,3871,3901,3935,3957,4002,4069,4240,6077,2974.385323,3094238180.000000,1040295,s,2147483647,0,0,0,0,0,0,0,0,0,0,0,0,0,0,0,0,0,0,0,0,-2147483648,0,0.000000,0,c,0,0,0,0,0,0,0,0,0,0,0,0,0,0,0,0,0,0,2,3,6,314,0.005011,4300044.000000,858116899
2024-09-11-15-44-10,4,600,60.000000,/blk/mp0,745,uniform-shuffle,"",110002.000000,17500.333984,60,1,0.990000,67.599998,0.666667,17308.382812,173.133331,0.000000,r,61,106,149,205,224,250,271,290,312,326,341,361,392,420,460,539,624,684,841,1616,1694,1903,265.953985,2762730.000000,10388,w,8,10,3207,3517,3561,3610,3653,3696,3738,3757,3777,3797,3822,3836,3855,3884,3919,3943,3993,4056,4115,6672,3026.698214,3143235175.000000,1038503,s,2147483647,0,0,0,0,0,0,0,0,0,0,0,0,0,0,0,0,0,0,0,0,-2147483648,0,0.000000,0,c,0,0,0,0,0,0,0,0,0,0,0,0,0,0,0,0,0,0,2,3,6,336,0.005033,4306800.000000,855655242
2024-09-11-15-44-10,4,660,59.999939,/blk/mp0,745,uniform-shuffle,"",110002.000000,17500.333984,60,1,0.990000,67.750069,0.666667,17345.134766,173.400177,0.000000,r,61,107,174,209,228,252,272,292,314,327,342,363,394,425,473,556,648,722,1172,1625,1796,1802,270.539889,2814697.000000,10404,w,8,10,3386,3508,3544,3593,3638,3687,3735,3757,3781,3806,3834,3852,3873,3905,3941,3965,4014,4111,4239,6871,3071.762531,3196804768.000000,1040707,s,2147483647,0,0,0,0,0,0,0,0,0,0,0,0,0,0,0,0,0,0,0,0,-2147483648,0,0.000000,0,c,0,0,0,0,0,0,0,0,0,0,0,0,0,0,0,0,0,0,2,3,6,325,0.005049,4320214.000000,855607777
2024-09-11-15-44-10,4,720,60.000000,/blk/mp0,745,uniform-shuffle,"",110002.000000,17500.333984,60,1,0.990000,67.616669,0.666667,17312.849609,174.383331,0.000000,r,61,105,137,197,223,249,270,290,311,324,340,360,392,421,465,557,642,707,989,1687,1745,1751,265.376661,2776636.000000,10463,w,8,10,3090,3485,3544,3601,3648,3697,3741,3761,3780,3800,3823,3837,3855,3882,3915,3937,3985,4054,4149,6687,3006.144141,3122695355.000000,1038771,s,2147483647,0,0,0,0,0,0,0,0,0,0,0,0,0,0,0,0,0,0,0,0,-2147483648,0,0.000000,0,c,0,0,0,0,0,0,0,0,0,0,0,0,0,0,0,0,0,0,2,3,6,325,0.005023,4297919.000000,855717621
2024-09-11-15-44-10,4,780,60.000061,/blk/mp0,745,uniform-shuffle,"",110002.000000,17500.333984,60,1,0.990000,67.699928,0.666666,17335.283203,174.266495,0.000000,r,61,106,129,192,218,246,268,288,311,323,340,360,392,421,468,541,628,689,816,1328,1448,1765,262.574216,2745476.000000,10456,w,8,10,2691,3484,3543,3598,3644,3689,3731,3750,3769,3789,3812,3825,3843,3870,3901,3922,3974,4052,4277,4950,2990.856110,3110843275.000000,1040118,s,2147483647,0,0,0,0,0,0,0,0,0,0,0,0,0,0,0,0,0,0,0,0,-2147483648,0,0.000000,0,c,0,0,0,0,0,0,0,0,0,0,0,0,0,0,0,0,0,0,2,3,6,326,0.005034,4306099.000000,855411089
2024-09-11-15-44-10,4,840,59.999939,/blk/mp0,745,uniform-shuffle,"",110002.000000,17500.333984,60,1,0.990000,67.733398,0.683334,17341.068359,178.116852,0.000000,r,61,106,129,188,216,245,266,286,309,321,337,356,386,410,455,538,623,670,863,1657,1751,1871,260.953682,2788812.000000,10687,w,8,10,2381,3483,3540,3596,3642,3686,3726,3745,3765,3786,3810,3824,3842,3870,3901,3924,3975,4034,4118,6754,2986.062039,3106887067.000000,1040463,s,2147483647,0,0,0,0,0,0,0,0,0,0,0,0,0,0,0,0,0,0,0,0,-2147483648,0,0.000000,0,c,0,0,0,0,0,0,0,0,0,0,0,0,0,0,0,0,0,0,2,3,6,329,0.005030,4303450.000000,855589058
2024-09-11-15-44-10,4,900,60.000000,/blk/mp0,745,uniform-shuffle,"",110002.000000,17500.333984,60,1,0.990000,67.766670,0.683333,17348.949219,175.399994,0.000000,r,61,107,183,214,230,253,272,292,313,327,341,361,394,420,465,541,631,687,780,1230,1377,1511,269.798556,2839360.000000,10524,w,8,10,3454,3540,3570,3611,3647,3685,3729,3751,3774,3797,3825,3842,3864,3896,3934,3959,4007,4085,4124,5903,3092.894865,3219508702.000000,1040937,s,2147483647,0,0,0,0,0,0,0,0,0,0,0,0,0,0,0,0,0,0,0,0,-2147483648,0,0.000000,0,c,0,0,0,0,0,0,0,0,0,0,0,0,0,0,0,0,0,0,2,3,6,320,0.005062,4329859.000000,855402945
2024-09-11-15-44-10,4,960,60.000061,/blk/mp0,745,uniform-shuffle,"",110002.000000,17500.333984,60,1,0.990000,67.566597,0.683333,17301.000000,176.949814,0.000000,r,61,106,132,188,216,244,266,286,309,322,337,358,389,417,465,546,634,696,822,1673,1752,1795,261.573043,2777121.000000,10617,w,8,10,2838,3487,3550,3606,3646,3685,3724,3742,3762,3784,3810,3825,3844,3874,3909,3934,3987,4119,4210,6620,3002.395339,3116669508.000000,1038061,s,2147483647,0,0,0,0,0,0,0,0,0,0,0,0,0,0,0,0,0,0,0,0,-2147483648,0,0.000000,0,c,0,0,0,0,0,0,0,0,0,0,0,0,0,0,0,0,0,0,2,3,6,326,0.005017,4291327.000000,855410001
2024-09-11-16-05-55,4,60,59.999996,/blk/mp0,745,uniform-shuffle,"",100002.000000,15833.666992,60,1,0.990000,61.233337,0.600000,15679.384766,157.166672,0.000000,r,61,73,106,108,115,137,230,274,310,328,350,379,417,448,495,584,703,817,1632,5215,5215,9493,239.688653,2260264.000000,9430,w,8,9,10,10,475,3172,3510,3844,3975,4033,4093,4149,4220,4270,4332,4436,5608,7201,17846,19998,19998,19998,2607.745011,2453270020.000000,940763,s,19999,0,0,0,0,0,0,0,0,0,0,0,0,0,0,0,0,0,0,0,0,0,0,0.000000,0,c,0,0,0,0,0,0,0,0,0,0,0,0,0,0,0,0,0,0,2,3,5,141,0.004292,3701643.000000,862376223
2024-09-11-16-05-55,4,120,59.999989,/blk/mp0,745,uniform-shuffle,"",100002.000000,15833.666992,60,1,0.990000,61.316677,0.600000,15699.002930,157.783371,0.000000,r,61,73,105,107,110,120,175,261,302,321,342,367,400,420,454,530,633,687,873,1613,1613,1702,220.681525,2089192.000000,9467,w,8,9,10,10,69,1912,3616,3900,4005,4054,4103,4151,4206,4243,4289,4354,4419,4461,4539,4687,4892,5026,2414.382319,2274203282.000000,941940,s,2147483647,0,0,0,0,0,0,0,0,0,0,0,0,0,0,0,0,0,0,0,0,-2147483648,0,0.000000,0,c,0,0,0,0,0,0,0,0,0,0,0,0,0,0,0,0,0,0,2,3,6,364,0.004306,3696893.000000,858467408
2024-09-11-16-05-55,4,180,60.000031,/blk/mp0,745,uniform-shuffle,"",100002.000000,15833.666992,60,1,0.990000,61.166637,0.616666,15660.341797,158.666580,0.000000,r,61,69,105,107,109,119,148,247,297,317,339,362,393,416,451,528,625,695,847,1342,1342,1538,214.482458,2041873.000000,9520,w,8,9,10,10,21,1610,3427,3877,3986,4036,4084,4133,4195,4234,4286,4355,4417,4454,4532,4669,4851,7579,2352.827356,2210765993.000000,939621,s,2147483647,0,0,0,0,0,0,0,0,0,0,0,0,0,0,0,0,0,0,0,0,-2147483648,0,0.000000,0,c,0,0,0,0,0,0,0,0,0,0,0,0,0,0,0,0,0,0,2,3,6,326,0.004458,3799370.000000,852177338
2024-09-11-16-05-55,4,240,60.000000,/blk/mp0,745,uniform-shuffle,"",100002.000000,15833.666992,60,1,0.990000,61.233334,0.616667,15678.250000,158.266663,0.000000,r,61,74,106,107,110,121,195,270,309,327,347,369,401,425,458,537,624,698,967,1716,1716,1811,225.482835,2141185.000000,9496,w,8,9,10,10,89,1939,3707,3921,4016,4059,4104,4150,4213,4255,4310,4380,4441,4485,4571,4651,4907,7247,2436.992022,2292466210.000000,940695,s,2147483647,0,0,0,0,0,0,0,0,0,0,0,0,0,0,0,0,0,0,0,0,-2147483648,0,0.000000,0,c,0,0,0,0,0,0,0,0,0,0,0,0,0,0,0,0,0,0,2,3,6,319,0.004384,3777853.000000,861827890
2024-09-11-16-05-55,4,300,59.999954,/blk/mp0,745,uniform-shuffle,"",100002.000000,15833.666992,60,1,0.990000,61.183380,0.616667,15663.445312,158.966782,0.000000,r,61,68,106,107,110,122,207,273,312,330,350,375,407,425,458,532,633,693,818,1356,1356,1931,227.219124,2167216.000000,9538,w,8,9,10,10,72,2122,3757,3931,4025,4068,4113,4163,4220,4256,4299,4361,4416,4449,4518,4630,4710,7532,2470.744575,2322020576.000000,939806,s,2147483647,0,0,0,0,0,0,0,0,0,0,0,0,0,0,0,0,0,0,0,0,-2147483648,0,0.000000,0,c,0,0,0,0,0,0,0,0,0,0,0,0,0,0,0,0,0,0,2,3,6,327,0.004373,3779277.000000,864227176
2024-09-11-16-05-55,4,360,60.000031,/blk/mp0,745,uniform-shuffle,"",100002.000000,15833.666992,60,1,0.990000,61.199970,0.600000,15667.825195,157.449921,0.000000,r,61,74,106,107,109,119,160,250,299,318,339,364,395,418,455,528,636,687,840,1344,1344,1949,216.902826,2049081.000000,9447,w,8,9,10,10,177,1967,3489,3871,3984,4039,4092,4141,4199,4242,4298,4369,4431,4467,4544,4678,4804,5338,2407.029671,2262776383.000000,940070,s,2147483647,0,0,0,0,0,0,0,0,0,0,0,0,0,0,0,0,0,0,0,0,-2147483648,0,0.000000,0,c,0,0,0,0,0,0,0,0,0,0,0,0,0,0,0,0,0,0,2,3,6,322,0.004356,3758433.000000,862862057
2024-09-11-16-05-55,4,420,59.999969,/blk/mp0,745,uniform-shuffle,"",100002.000000,15833.666992,60,1,0.990000,61.100033,0.600000,15644.708008,157.433411,0.000000,r,61,73,105,107,112,126,220,278,313,330,351,374,406,424,463,535,622,691,846,1490,1490,1527,230.227186,2174726.000000,9446,w,8,9,10,10,231,2752,3805,3938,4035,4078,4121,4169,4228,4268,4317,4373,4426,4460,4534,4713,4873,6192,2553.166853,2396611768.000000,938682,s,2147483647,0,0,0,0,0,0,0,0,0,0,0,0,0,0,0,0,0,0,0,0,-2147483648,0,0.000000,0,c,0,0,0,0,0,0,0,0,0,0,0,0,0,0,0,0,0,0,2,3,6,323,0.004406,3785410.000000,859194420
2024-09-11-16-05-55,4,480,60.000031,/blk/mp0,745,uniform-shuffle,"",100002.000000,15833.666992,60,1,0.990000,61.149967,0.616666,15658.125000,159.883255,0.000000,r,61,73,105,107,110,120,178,263,305,324,344,367,401,421,459,536,630,690,805,1848,1848,1943,221.639320,2126186.000000,9593,w,8,9,10,10,18,1814,3609,3904,4009,4058,4104,4153,4216,4256,4302,4362,4417,4450,4523,4625,4801,7254,2390.748516,2246079542.000000,939488,s,2147483647,0,0,0,0,0,0,0,0,0,0,0,0,0,0,0,0,0,0,0,0,-2147483648,0,0.000000,0,c,0,0,0,0,0,0,0,0,0,0,0,0,0,0,0,0,0,0,2,3,6,320,0.004396,3774835.000000,858610008
2024-09-11-16-05-55,4,540,60.000031,/blk/mp0,745,uniform-shuffle,"",100002.000000,15833.666992,60,1,0.990000,61.233303,0.616666,15679.409180,159.216583,0.000000,r,61,74,106,108,112,121,187,263,304,322,343,367,398,426,462,545,632,688,879,1483,1483,1757,223.300429,2133189.000000,9553,w,8,9,10,10,117,2065,3679,3912,4018,4063,4107,4151,4206,4241,4286,4345,4408,4448,4526,4707,4845,7244,2445.720128,2300847896.000000,940765,s,2147483647,0,0,0,0,0,0,0,0,0,0,0,0,0,0,0,0,0,0,0,0,-2147483648,0,0.000000,0,c,0,0,0,0,0,0,0,0,0,0,0,0,0,0,0,0,0,0,2,3,6,323,0.004435,3814788.000000,860233113
2024-09-11-16-05-55,4,600,59.999939,/blk/mp0,745,uniform-shuffle,"",100002.000000,15833.666992,60,1,0.990000,61.266727,0.600001,15685.899414,157.633499,0.000000,r,61,67,105,107,109,119,164,253,299,318,339,362,394,419,452,527,635,721,966,1628,1628,2193,217.432227,2056474.000000,9458,w,8,9,10,10,18,1987,3613,3894,3998,4047,4099,4153,4216,4258,4312,4385,4444,4477,4538,4711,4868,4890,2413.797475,2271752735.000000,941153,s,2147483647,0,0,0,0,0,0,0,0,0,0,0,0,0,0,0,0,0,0,0,0,-2147483648,0,0.000000,0,c,0,0,0,0,0,0,0,0,0,0,0,0,0,0,0,0,0,0,2,3,6,323,0.004491,3828678.000000,852615533
2024-09-11-16-05-55,4,660,60.000000,/blk/mp0,745,uniform-shuffle,"",100002.000000,15833.666992,60,1,0.990000,61.166668,0.600000,15661.966797,157.383331,0.000000,r,61,69,105,107,110,120,179,262,304,323,343,367,397,420,454,531,621,685,844,1798,1798,1898,220.991316,2086821.000000,9443,w,8,9,10,10,16,2007,3673,3912,4013,4060,4108,4158,4215,4255,4313,4381,4440,4475,4549,4645,4780,4814,2423.756773,2277647867.000000,939718,s,2147483647,0,0,0,0,0,0,0,0,0,0,0,0,0,0,0,0,0,0,0,0,-2147483648,0,0.000000,0,c,0,0,0,0,0,0,0,0,0,0,0,0,0,0,0,0,0,0,2,3,6,324,0.004474,3824892.000000,854989462
2024-09-11-16-05-55,4,720,60.000000,/blk/mp0,745,uniform-shuffle,"",100002.000000,15833.666992,60,1,0.990000,61.283333,0.616667,15691.299805,158.916672,0.000000,r,61,73,105,107,109,119,156,250,296,317,336,360,392,416,445,515,604,661,792,1281,1281,1700,214.298270,2043334.000000,9535,w,8,9,10,10,19,1540,3349,3885,3998,4047,4093,4140,4195,4233,4284,4357,4418,4455,4519,4639,4789,6513,2329.271118,2192957514.000000,941478,s,2147483647,0,0,0,0,0,0,0,0,0,0,0,0,0,0,0,0,0,0,0,0,-2147483648,0,0.000000,0,c,0,0,0,0,0,0,0,0,0,0,0,0,0,0,0,0,0,0,2,3,6,318,0.004459,3817749.000000,856252539
2024-09-11-16-05-55,4,780,60.000000,/blk/mp0,745,uniform-shuffle,"",100002.000000,15833.666992,60,1,0.990000,61.183334,0.633333,15663.766602,162.416672,0.000000,r,61,73,105,107,110,119,163,255,302,320,341,366,398,422,456,530,634,684,833,1433,1433,1777,218.368291,2127999.000000,9745,w,8,9,10,10,18,1846,3560,3899,4002,4051,4100,4149,4208,4250,4302,4369,4424,4458,4527,4662,4995,7392,2396.186143,2251998038.000000,939826,s,2147483647,0,0,0,0,0,0,0,0,0,0,0,0,0,0,0,0,0,0,0,0,-2147483648,0,0.000000,0,c,0,0,0,0,0,0,0,0,0,0,0,0,0,0,0,0,0,0,2,3,6,332,0.004462,3818535.000000,855698591
2024-09-11-16-05-55,4,840,60.000000,/blk/mp0,745,uniform-shuffle,"",100002.000000,15833.666992,60,1,0.990000,61.366665,0.616667,15713.233398,158.433334,0.000000,r,61,67,105,107,108,118,141,227,286,309,331,355,386,409,445,521,606,685,834,1415,1415,1800,207.877235,1976081.000000,9506,w,8,9,10,10,12,1182,2940,3810,3969,4020,4070,4124,4184,4223,4278,4353,4419,4460,4536,4649,4807,5653,2238.908373,2110829381.000000,942794,s,2147483647,0,0,0,0,0,0,0,0,0,0,0,0,0,0,0,0,0,0,0,0,-2147483648,0,0.000000,0,c,0,0,0,0,0,0,0,0,0,0,0,0,0,0,0,0,0,0,2,3,6,323,0.004496,3818080.000000,849171299
2024-09-11-16-05-55,4,900,60.000061,/blk/mp0,745,uniform-shuffle,"",100002.000000,15833.666992,60,1,0.990000,61.266605,0.616666,15687.633789,158.633179,0.000000,r,61,67,105,107,109,119,154,250,296,316,337,360,393,415,454,519,618,681,946,1633,1633,1685,214.770225,2044183.000000,9518,w,8,9,10,10,13,1693,3435,3874,3989,4037,4088,4141,4203,4246,4297,4360,4417,4453,4516,4692,4781,7681,2356.459276,2218038502.000000,941259,s,2147483647,0,0,0,0,0,0,0,0,0,0,0,0,0,0,0,0,0,0,0,0,-2147483648,0,0.000000,0,c,0,0,0,0,0,0,0,0,0,0,0,0,0,0,0,0,0,0,2,3,6,345,0.004496,3821489.000000,850035033
2024-09-11-16-05-55,4,960,59.999939,/blk/mp0,745,uniform-shuffle,"",100002.000000,15833.666992,60,1,0.990000,61.166729,0.616667,15659.298828,158.466827,0.000000,r,61,70,105,107,110,120,174,262,305,324,343,368,401,424,457,527,620,686,851,1496,1496,1574,221.076567,2101996.000000,9508,w,8,9,10,10,13,1847,3591,3895,4005,4052,4103,4155,4213,4251,4305,4380,4437,4471,4544,4675,4784,4899,2393.141814,2248493143.000000,939557,s,2147483647,0,0,0,0,0,0,0,0,0,0,0,0,0,0,0,0,0,0,0,0,-2147483648,0,0.000000,0,c,0,0,0,0,0,0,0,0,0,0,0,0,0,0,0,0,0,0,2,3,6,332,0.004502,3825676.000000,849774411
2024-09-11-16-27-40,4,60,60.000111,/blk/mp0,745,uniform-shuffle,"",90002.000000,14167.000000,60,1,0.990000,54.666565,0.549999,13998.874023,141.716400,0.000000,r,61,64,75,103,106,109,119,157,280,323,357,389,424,448,483,556,651,714,978,1857,1857,1882,203.120075,1727130.000000,8503,w,8,9,9,9,10,13,1297,3247,4179,4383,4491,4573,4744,4836,4976,5129,5200,5243,5317,5390,5456,5551,2055.261613,1726284108.000000,839934,s,19999,0,0,0,0,0,0,0,0,0,0,0,0,0,0,0,0,0,0,0,0,0,0,0.000000,0,c,0,0,0,0,0,0,0,0,0,0,0,0,0,0,0,0,0,0,2,3,5,35,0.003832,3234173.000000,843902237
2024-09-11-16-27-40,4,120,60.000011,/blk/mp0,745,uniform-shuffle,"",90002.000000,14167.000000,60,1,0.990000,54.733322,0.550000,14013.097656,142.599976,0.000000,r,61,64,75,85,105,109,118,150,277,318,350,384,421,444,479,540,662,739,912,1354,1354,1627,199.607878,1707845.000000,8556,w,8,9,9,9,10,11,994,3170,4255,4406,4488,4547,4639,4726,4806,4881,4951,4993,5075,5233,5463,5521,2007.376527,1687774081.000000,840786,s,2147483647,0,0,0,0,0,0,0,0,0,0,0,0,0,0,0,0,0,0,0,0,-2147483648,0,0.000000,0,c,0,0,0,0,0,0,0,0,0,0,0,0,0,0,0,0,0,0,2,3,6,330,0.003862,3249739.000000,841386530
2024-09-11-16-27-40,4,180,59.999962,/blk/mp0,745,uniform-shuffle,"",90002.000000,14167.000000,60,1,0.990000,54.783367,0.533334,14028.142578,139.883423,0.000000,r,61,65,76,100,106,109,119,150,273,320,350,384,422,445,486,563,658,730,901,1499,1499,1574,200.676993,1684282.000000,8393,w,8,9,9,9,10,11,1153,3243,4262,4403,4486,4549,4642,4726,4804,4878,4946,4984,5077,5236,5374,8576,2021.894119,1701804017.000000,841688,s,2147483647,0,0,0,0,0,0,0,0,0,0,0,0,0,0,0,0,0,0,0,0,-2147483648,0,0.000000,0,c,0,0,0,0,0,0,0,0,0,0,0,0,0,0,0,0,0,0,2,3,6,315,0.004110,3412503.000000,830374940
2024-09-11-16-27-40,4,240,60.000015,/blk/mp0,745,uniform-shuffle,"",90002.000000,14167.000000,60,1,0.990000,54.849987,0.533333,14042.330078,140.266632,0.000000,r,61,64,75,92,106,109,118,143,265,314,348,381,420,444,480,541,647,711,876,1686,1686,1688,197.160171,1659300.000000,8416,w,8,9,9,9,10,11,991,2934,4221,4371,4475,4543,4636,4706,4783,4866,4938,4987,5078,5216,5352,5460,1973.380396,1662651919.000000,842540,s,2147483647,0,0,0,0,0,0,0,0,0,0,0,0,0,0,0,0,0,0,0,0,-2147483648,0,0.000000,0,c,0,0,0,0,0,0,0,0,0,0,0,0,0,0,0,0,0,0,2,3,6,311,0.003973,3337326.000000,840022037
2024-09-11-16-27-40,4,300,60.000015,/blk/mp0,745,uniform-shuffle,"",90002.000000,14167.000000,60,1,0.990000,54.733318,0.550000,14012.413086,141.566635,0.000000,r,61,64,75,83,105,108,118,133,249,304,340,372,409,434,468,527,616,675,802,1340,1340,1586,191.334236,1625193.000000,8494,w,8,9,9,9,10,11,921,2643,4180,4349,4456,4527,4623,4709,4791,4872,4942,4984,5083,5254,5425,5672,1929.600228,1622301744.000000,840745,s,2147483647,0,0,0,0,0,0,0,0,0,0,0,0,0,0,0,0,0,0,0,0,-2147483648,0,0.000000,0,c,0,0,0,0,0,0,0,0,0,0,0,0,0,0,0,0,0,0,2,3,6,318,0.003948,3318820.000000,840568235
2024-09-11-16-27-40,4,360,60.000000,/blk/mp0,745,uniform-shuffle,"",90002.000000,14167.000000,60,1,0.990000,54.750000,0.550000,14017.950195,143.333328,0.000000,r,61,65,75,103,106,109,118,132,247,302,340,374,412,437,469,535,624,707,919,1718,1718,1725,192.992674,1659737.000000,8600,w,8,9,9,9,10,11,885,2781,4182,4341,4450,4525,4618,4698,4774,4861,4926,4965,5051,5270,5473,8154,1937.860121,1629889577.000000,841077,s,2147483647,0,0,0,0,0,0,0,0,0,0,0,0,0,0,0,0,0,0,0,0,-2147483648,0,0.000000,0,c,0,0,0,0,0,0,0,0,0,0,0,0,0,0,0,0,0,0,2,3,6,317,0.003937,3319476.000000,843138185
2024-09-11-16-27-40,4,420,59.999969,/blk/mp0,745,uniform-shuffle,"",90002.000000,14167.000000,60,1,0.990000,54.733360,0.550000,14014.574219,142.500076,0.000000,r,61,64,75,89,105,109,118,138,253,305,342,376,418,440,476,543,658,755,906,1581,1581,1691,194.683158,1664541.000000,8550,w,8,9,9,9,10,11,1141,3219,4232,4391,4477,4541,4639,4727,4800,4870,4934,4975,5066,5241,5417,7019,2014.663550,1694078198.000000,840874,s,2147483647,0,0,0,0,0,0,0,0,0,0,0,0,0,0,0,0,0,0,0,0,-2147483648,0,0.000000,0,c,0,0,0,0,0,0,0,0,0,0,0,0,0,0,0,0,0,0,2,3,6,311,0.003954,3323485.000000,840472482
2024-09-11-16-27-40,4,480,60.000000,/blk/mp0,745,uniform-shuffle,"",90002.000000,14167.000000,60,1,0.990000,54.783333,0.550000,14025.883789,143.250000,0.000000,r,61,64,75,79,105,108,117,130,243,302,341,376,412,434,471,533,627,689,826,1561,1561,1878,191.177312,1643169.000000,8595,w,8,9,9,9,10,11,1070,2959,4227,4371,4473,4539,4631,4719,4795,4868,4932,4970,5053,5165,5337,5413,1985.233518,1670679223.000000,841553,s,2147483647,0,0,0,0,0,0,0,0,0,0,0,0,0,0,0,0,0,0,0,0,-2147483648,0,0.000000,0,c,0,0,0,0,0,0,0,0,0,0,0,0,0,0,0,0,0,0,2,3,6,311,0.003956,3324232.000000,840394741
2024-09-11-16-27-40,4,540,60.000031,/blk/mp0,745,uniform-shuffle,"",90002.000000,14167.000000,60,1,0.990000,54.783306,0.550000,14024.792969,141.799927,0.000000,r,61,65,75,93,106,109,118,137,253,307,342,374,410,435,472,534,640,711,824,1079,1079,1082,193.649741,1647572.000000,8508,w,8,9,9,9,10,11,1122,2878,4206,4361,4468,4534,4618,4704,4799,4872,4933,4970,5052,5156,5275,6181,1978.561926,1664936118.000000,841488,s,2147483647,0,0,0,0,0,0,0,0,0,0,0,0,0,0,0,0,0,0,0,0,-2147483648,0,0.000000,0,c,0,0,0,0,0,0,0,0,0,0,0,0,0,0,0,0,0,0,2,3,6,300,0.004009,3364533.000000,839177686
2024-09-11-16-27-40,4,600,60.000000,/blk/mp0,745,uniform-shuffle,"",90002.000000,14167.000000,60,1,0.990000,54.783333,0.550000,14026.816406,142.783340,0.000000,r,61,65,75,95,105,108,117,127,197,274,323,358,401,424,451,512,604,686,845,1858,1858,1939,183.466558,1571758.000000,8567,w,8,9,9,9,10,11,880,2417,4088,4293,4423,4501,4585,4673,4777,4866,4933,4971,5041,5171,5292,6106,1883.991269,1585584008.000000,841609,s,2147483647,0,0,0,0,0,0,0,0,0,0,0,0,0,0,0,0,0,0,0,0,-2147483648,0,0.000000,0,c,0,0,0,0,0,0,0,0,0,0,0,0,0,0,0,0,0,0,2,3,6,315,0.004094,3396596.000000,829721637
2024-09-11-16-27-40,4,660,59.999939,/blk/mp0,745,uniform-shuffle,"",90002.000000,14167.000000,60,1,0.990000,54.733391,0.550001,14014.914062,141.700150,0.000000,r,61,65,75,99,106,109,118,138,257,310,348,383,420,443,478,544,646,711,904,1663,1663,1835,196.381793,1669638.000000,8502,w,8,9,9,9,10,11,707,2394,4176,4369,4468,4536,4622,4698,4771,4843,4915,4968,5080,5279,5625,8068,1884.999193,1585084511.000000,840894,s,2147483647,0,0,0,0,0,0,0,0,0,0,0,0,0,0,0,0,0,0,0,0,-2147483648,0,0.000000,0,c,0,0,0,0,0,0,0,0,0,0,0,0,0,0,0,0,0,0,2,3,6,311,0.004085,3390610.000000,830095737
2024-09-11-16-27-40,4,720,60.000061,/blk/mp0,745,uniform-shuffle,"",90002.000000,14167.000000,60,1,0.990000,54.716610,0.549999,14010.918945,141.749863,0.000000,r,61,65,75,89,105,109,118,149,270,317,353,385,421,447,480,552,652,713,854,1403,1403,1738,199.145444,1693732.000000,8505,w,8,9,9,9,10,11,1241,3418,4281,4413,4493,4554,4643,4727,4799,4873,4940,4985,5094,5324,5487,5510,2055.913960,1728316406.000000,840656,s,2147483647,0,0,0,0,0,0,0,0,0,0,0,0,0,0,0,0,0,0,0,0,-2147483648,0,0.000000,0,c,0,0,0,0,0,0,0,0,0,0,0,0,0,0,0,0,0,0,2,3,6,331,0.004088,3401798.000000,832109296
2024-09-11-16-27-40,4,780,59.999939,/blk/mp0,745,uniform-shuffle,"",90002.000000,14167.000000,60,1,0.990000,54.816723,0.533334,14034.281250,139.950150,0.000000,r,61,65,75,88,105,109,118,133,227,292,336,373,412,434,467,526,629,706,861,1750,1750,1857,190.206383,1597163.000000,8397,w,8,9,9,9,10,11,999,2635,4154,4354,4464,4530,4611,4692,4772,4847,4910,4950,5026,5122,5258,5364,1935.551149,1629842458.000000,842056,s,2147483647,0,0,0,0,0,0,0,0,0,0,0,0,0,0,0,0,0,0,0,0,-2147483648,0,0.000000,0,c,0,0,0,0,0,0,0,0,0,0,0,0,0,0,0,0,0,0,2,3,6,318,0.004092,3398175.000000,830425779
2024-09-11-16-27-40,4,840,60.000000,/blk/mp0,745,uniform-shuffle,"",90002.000000,14167.000000,60,1,0.990000,54.750000,0.550000,14019.133789,143.850006,0.000000,r,61,65,76,99,106,109,118,133,242,305,346,381,416,438,471,529,629,709,863,1701,1701,1769,193.243888,1667888.000000,8631,w,8,9,9,9,10,11,935,2792,4192,4356,4474,4542,4626,4701,4784,4861,4933,4977,5078,5250,5478,5703,1946.784756,1637534104.000000,841148,s,2147483647,0,0,0,0,0,0,0,0,0,0,0,0,0,0,0,0,0,0,0,0,-2147483648,0,0.000000,0,c,0,0,0,0,0,0,0,0,0,0,0,0,0,0,0,0,0,0,2,3,6,318,0.004089,3397741.000000,830891777
2024-09-11-16-27-40,4,900,60.000061,/blk/mp0,745,uniform-shuffle,"",90002.000000,14167.000000,60,1,0.990000,54.749943,0.549999,14016.702148,142.316528,0.000000,r,61,65,75,103,106,110,119,154,283,323,354,384,419,442,477,542,643,731,871,1554,1554,1630,201.522895,1720804.000000,8539,w,8,9,9,10,10,11,1378,3557,4300,4421,4498,4562,4651,4726,4796,4870,4935,4975,5072,5260,5371,5465,2087.696283,1755758837.000000,841003,s,2147483647,0,0,0,0,0,0,0,0,0,0,0,0,0,0,0,0,0,0,0,0,-2147483648,0,0.000000,0,c,0,0,0,0,0,0,0,0,0,0,0,0,0,0,0,0,0,0,2,3,6,323,0.004090,3405043.000000,832624969
2024-09-11-16-27-40,4,960,59.999939,/blk/mp0,745,uniform-shuffle,"",90002.000000,14167.000000,60,1,0.990000,54.800056,0.533334,14032.748047,138.000137,0.000000,r,61,65,76,100,106,109,118,133,230,296,338,372,410,433,469,537,641,699,1129,1659,1659,1814,191.308575,1584035.000000,8280,w,8,9,9,10,10,11,922,2550,4092,4306,4425,4516,4603,4663,4751,4845,4913,4953,5048,5208,5369,8112,1903.474019,1602656599.000000,841964,s,2147483647,0,0,0,0,0,0,0,0,0,0,0,0,0,0,0,0,0,0,0,0,-2147483648,0,0.000000,0,c,0,0,0,0,0,0,0,0,0,0,0,0,0,0,0,0,0,0,2,3,6,311,0.004083,3388732.000000,830024510
2024-09-11-16-49-24,4,60,59.999851,/blk/mp0,745,uniform-shuffle,"",80002.000000,12500.333008,60,1,0.990000,48.300121,0.483335,12366.380859,124.366974,0.000000,r,61,64,70,75,77,106,109,118,144,195,296,374,431,465,501,564,653,729,855,1085,1085,1425,175.719244,1311217.000000,7462,w,8,9,9,9,9,10,20,1770,3634,4472,4855,4994,5155,5244,5363,5469,5553,5603,5734,5978,6073,6147,1832.563200,1359727076.000000,741981,s,19999,0,0,0,0,0,0,0,0,0,0,0,0,0,0,0,0,0,0,0,0,0,0,0.000000,0,c,0,0,0,0,0,0,0,0,0,0,0,0,0,0,0,0,0,0,2,3,5,150,0.003221,2849504.000000,884704086
2024-09-11-16-49-24,4,120,59.999989,/blk/mp0,745,uniform-shuffle,"",80002.000000,12500.333008,60,1,0.990000,48.333344,0.483333,12374.152344,125.200027,0.000000,r,61,63,66,75,76,105,108,117,128,157,220,330,406,441,489,555,660,725,925,1939,1939,2002,164.121273,1232879.000000,7512,w,8,9,9,9,9,10,11,962,2745,3798,4635,4897,5050,5165,5345,5452,5534,5584,5696,5875,6097,6214,1616.497545,1200166986.000000,742449,s,2147483647,0,0,0,0,0,0,0,0,0,0,0,0,0,0,0,0,0,0,0,0,-2147483648,0,0.000000,0,c,0,0,0,0,0,0,0,0,0,0,0,0,0,0,0,0,0,0,2,3,5,324,0.003214,2841478.000000,884066339
2024-09-11-16-49-24,4,180,60.000008,/blk/mp0,745,uniform-shuffle,"",80002.000000,12500.333008,60,1,0.990000,48.299995,0.483333,12365.032227,127.466652,0.000000,r,61,64,67,75,76,106,109,118,137,170,253,359,429,468,513,581,672,747,916,1388,1388,1624,171.654812,1312816.000000,7648,w,8,9,9,9,9,10,11,931,2757,3809,4598,4887,5064,5175,5364,5491,5584,5634,5733,5898,6120,6229,1615.732928,1198715491.000000,741902,s,2147483647,0,0,0,0,0,0,0,0,0,0,0,0,0,0,0,0,0,0,0,0,-2147483648,0,0.000000,0,c,0,0,0,0,0,0,0,0,0,0,0,0,0,0,0,0,0,0,2,3,6,309,0.003433,3008588.000000,876277536
2024-09-11-16-49-24,4,240,59.999985,/blk/mp0,745,uniform-shuffle,"",80002.000000,12500.333008,60,1,0.990000,48.366680,0.483333,12382.336914,127.683365,0.000000,r,61,64,68,75,76,106,109,117,127,155,211,324,404,444,487,560,650,721,865,1229,1229,1572,163.421877,1251975.000000,7661,w,8,9,9,9,9,10,11,854,2554,3483,4413,4851,5036,5134,5312,5431,5510,5556,5662,5916,6070,6214,1558.265208,1157697554.000000,742940,s,2147483647,0,0,0,0,0,0,0,0,0,0,0,0,0,0,0,0,0,0,0,0,-2147483648,0,0.000000,0,c,0,0,0,0,0,0,0,0,0,0,0,0,0,0,0,0,0,0,2,3,6,326,0.003380,2976056.000000,880456754
2024-09-11-16-49-24,4,300,60.000000,/blk/mp0,745,uniform-shuffle,"",80002.000000,12500.333008,60,1,0.990000,48.283333,0.483333,12360.983398,125.800003,0.000000,r,61,64,66,75,76,106,109,117,125,151,202,325,409,446,492,567,669,738,858,1428,1428,1691,163.190514,1231762.000000,7548,w,8,9,9,9,9,10,11,855,2482,3470,4487,4874,5046,5173,5356,5467,5562,5620,5736,5919,6204,6347,1559.983828,1156976046.000000,741659,s,2147483647,0,0,0,0,0,0,0,0,0,0,0,0,0,0,0,0,0,0,0,0,-2147483648,0,0.000000,0,c,0,0,0,0,0,0,0,0,0,0,0,0,0,0,0,0,0,0,2,3,6,319,0.003347,2956601.000000,883389346
2024-09-11-16-49-24,4,360,60.000031,/blk/mp0,745,uniform-shuffle,"",80002.000000,12500.333008,60,1,0.990000,48.349976,0.483333,12377.709961,124.033272,0.000000,r,61,64,68,75,76,106,109,118,135,168,253,354,427,464,503,572,663,725,862,1074,1074,1873,170.481053,1268720.000000,7442,w,8,9,9,9,9,10,11,1021,3042,4005,4682,4916,5074,5227,5368,5462,5554,5616,5716,5924,6108,6238,1665.389050,1236822828.000000,742663,s,2147483647,0,0,0,0,0,0,0,0,0,0,0,0,0,0,0,0,0,0,0,0,-2147483648,0,0.000000,0,c,0,0,0,0,0,0,0,0,0,0,0,0,0,0,0,0,0,0,2,3,6,321,0.003360,2967222.000000,883005259
2024-09-11-16-49-24,4,420,59.999969,/blk/mp0,745,uniform-shuffle,"",80002.000000,12500.333008,60,1,0.990000,48.350025,0.483334,12380.040039,126.916733,0.000000,r,61,64,67,75,76,105,108,117,124,145,197,319,400,440,480,546,631,684,818,1505,1505,1626,160.236244,1220199.000000,7615,w,8,9,9,9,9,10,11,664,2291,3261,4338,4828,5018,5135,5306,5444,5536,5584,5686,5878,6227,6275,1506.351190,1118920677.000000,742802,s,2147483647,0,0,0,0,0,0,0,0,0,0,0,0,0,0,0,0,0,0,0,0,-2147483648,0,0.000000,0,c,0,0,0,0,0,0,0,0,0,0,0,0,0,0,0,0,0,0,2,3,6,325,0.003340,2951533.000000,883563447
2024-09-11-16-49-24,4,480,60.000031,/blk/mp0,745,uniform-shuffle,"",80002.000000,12500.333008,60,1,0.990000,48.316643,0.483333,12371.060547,124.683273,0.000000,r,61,64,68,75,76,106,109,118,134,166,248,352,420,457,499,556,638,684,879,1682,1682,1688,168.885710,1263434.000000,7481,w,8,9,9,9,9,10,11,1045,2913,4040,4676,4914,5066,5209,5369,5463,5546,5602,5711,5841,5946,5970,1651.618085,1225936646.000000,742264,s,2147483647,0,0,0,0,0,0,0,0,0,0,0,0,0,0,0,0,0,0,0,0,-2147483648,0,0.000000,0,c,0,0,0,0,0,0,0,0,0,0,0,0,0,0,0,0,0,0,2,3,6,311,0.003351,2959661.000000,883264674
2024-09-11-16-49-24,4,540,60.000000,/blk/mp0,745,uniform-shuffle,"",80002.000000,12500.333008,60,1,0.990000,48.266666,0.466667,12359.233398,122.166664,0.000000,r,61,64,68,75,76,106,109,118,143,192,301,384,437,469,511,575,662,731,852,2008,2008,2013,176.794543,1295904.000000,7330,w,8,9,9,9,9,10,11,1147,3507,4422,4812,4964,5124,5319,5418,5510,5584,5631,5731,5895,6013,6163,1741.159774,1291163995.000000,741554,s,2147483647,0,0,0,0,0,0,0,0,0,0,0,0,0,0,0,0,0,0,0,0,-2147483648,0,0.000000,0,c,0,0,0,0,0,0,0,0,0,0,0,0,0,0,0,0,0,0,2,3,6,311,0.003389,2992411.000000,883036174
2024-09-11-16-49-24,4,600,60.000061,/blk/mp0,745,uniform-shuffle,"",80002.000000,12500.333008,60,1,0.990000,48.316616,0.483333,12371.820312,125.849869,0.000000,r,61,64,66,75,76,105,108,117,130,157,222,340,415,450,491,562,669,736,890,1044,1044,1632,165.305920,1248225.000000,7551,w,8,9,9,9,9,10,11,887,2676,3606,4429,4845,5031,5165,5342,5469,5559,5612,5719,5910,6050,6147,1580.853324,1173483231.000000,742310,s,2147483647,0,0,0,0,0,0,0,0,0,0,0,0,0,0,0,0,0,0,0,0,-2147483648,0,0.000000,0,c,0,0,0,0,0,0,0,0,0,0,0,0,0,0,0,0,0,0,2,3,6,314,0.003449,3024239.000000,876883038
2024-09-11-16-49-24,4,660,59.999939,/blk/mp0,745,uniform-shuffle,"",80002.000000,12500.333008,60,1,0.990000,48.266716,0.483334,12357.946289,125.533463,0.000000,r,61,64,67,75,76,106,108,117,127,153,209,322,412,459,510,582,672,763,915,1087,1087,1088,164.759825,1240971.000000,7532,w,8,9,9,9,9,10,11,775,2434,3455,4356,4809,5010,5158,5355,5470,5557,5609,5718,5875,6049,6127,1538.951853,1141095864.000000,741476,s,2147483647,0,0,0,0,0,0,0,0,0,0,0,0,0,0,0,0,0,0,0,0,-2147483648,0,0.000000,0,c,0,0,0,0,0,0,0,0,0,0,0,0,0,0,0,0,0,0,2,3,6,305,0.003449,3016906.000000,874746899
2024-09-11-16-49-24,4,720,60.000000,/blk/mp0,745,uniform-shuffle,"",80002.000000,12500.333008,60,1,0.990000,48.349998,0.483333,12381.400391,127.933334,0.000000,r,61,64,66,75,76,105,108,117,126,153,221,336,415,452,497,573,664,755,1042,1616,1616,1689,165.602527,1271165.000000,7676,w,8,9,9,9,9,10,11,884,2759,3751,4569,4881,5043,5183,5364,5479,5558,5610,5723,6014,6299,6522,1600.092336,1188682995.000000,742884,s,2147483647,0,0,0,0,0,0,0,0,0,0,0,0,0,0,0,0,0,0,0,0,-2147483648,0,0.000000,0,c,0,0,0,0,0,0,0,0,0,0,0,0,0,0,0,0,0,0,2,3,6,325,0.003455,3024967.000000,875526426
2024-09-11-16-49-24,4,780,60.000000,/blk/mp0,745,uniform-shuffle,"",80002.000000,12500.333008,60,1,0.990000,48.299999,0.483333,12365.483398,124.833336,0.000000,r,61,64,67,75,76,106,109,118,139,176,274,368,433,473,520,589,674,751,908,1592,1592,2011,174.470227,1306782.000000,7490,w,8,9,9,9,9,10,11,1084,3073,4168,4711,4917,5071,5278,5407,5497,5577,5624,5714,5908,6124,6209,1679.093136,1245767891.000000,741929,s,2147483647,0,0,0,0,0,0,0,0,0,0,0,0,0,0,0,0,0,0,0,0,-2147483648,0,0.000000,0,c,0,0,0,0,0,0,0,0,0,0,0,0,0,0,0,0,0,0,2,3,6,326,0.003458,3027139.000000,875527179
2024-09-11-16-49-24,4,840,60.000000,/blk/mp0,745,uniform-shuffle,"",80002.000000,12500.333008,60,1,0.990000,48.283333,0.466667,12363.633789,123.316666,0.000000,r,61,64,67,75,76,106,109,118,138,175,269,369,431,466,510,574,677,760,952,1744,1744,1995,173.259359,1281946.000000,7399,w,8,9,9,9,9,10,11,883,2602,3641,4526,4880,5054,5213,5393,5505,5580,5630,5729,5927,6172,6270,1584.330642,1175284988.000000,741818,s,2147483647,0,0,0,0,0,0,0,0,0,0,0,0,0,0,0,0,0,0,0,0,-2147483648,0,0.000000,0,c,0,0,0,0,0,0,0,0,0,0,0,0,0,0,0,0,0,0,2,3,6,324,0.003452,3020655.000000,874950711
2024-09-11-16-49-24,4,900,60.000061,/blk/mp0,745,uniform-shuffle,"",80002.000000,12500.333008,60,1,0.990000,48.283283,0.466666,12363.520508,123.183205,0.000000,r,61,64,67,75,76,106,109,118,142,192,298,387,451,484,523,591,678,766,948,1558,1558,1628,178.764984,1321252.000000,7391,w,8,9,9,9,9,10,11,1148,3231,4272,4741,4920,5088,5321,5436,5530,5613,5663,5755,5927,6078,6304,1711.664991,1269733630.000000,741812,s,2147483647,0,0,0,0,0,0,0,0,0,0,0,0,0,0,0,0,0,0,0,0,-2147483648,0,0.000000,0,c,0,0,0,0,0,0,0,0,0,0,0,0,0,0,0,0,0,0,2,3,6,314,0.003461,3026641.000000,874481310
2024-09-11-16-49-24,4,960,59.999939,/blk/mp0,745,uniform-shuffle,"",80002.000000,12500.333008,60,1,0.990000,48.283382,0.466667,12364.145508,122.016792,0.000000,r,61,64,66,75,76,105,108,117,131,164,250,365,426,461,506,575,663,737,906,1137,1137,2279,169.740609,1242671.000000,7321,w,8,9,9,9,9,10,11,981,2885,3949,4653,4898,5062,5263,5417,5511,5595,5648,5744,5904,6062,10407,1641.553578,1217783239.000000,741848,s,2147483647,0,0,0,0,0,0,0,0,0,0,0,0,0,0,0,0,0,0,0,0,-2147483648,0,0.000000,0,c,0,0,0,0,0,0,0,0,0,0,0,0,0,0,0,0,0,0,2,3,6,309,0.003453,3023897.000000,875671850
2024-09-11-17-11-09,4,60,59.999962,/blk/mp0,745,uniform-shuffle,"",70002.000000,10833.666992,60,1,0.990000,41.916695,0.416667,10731.640625,107.366737,0.000000,r,61,63,65,67,74,85,107,115,124,158,261,406,504,551,609,707,830,1016,1672,2363,2363,3060,184.194194,1186579.000000,6442,w,8,9,9,9,9,9,10,11,1963,3510,4443,5229,5685,6168,6313,6449,6701,8306,16975,19998,19998,19998,1592.701877,1025537553.000000,643898,s,19999,0,0,0,0,0,0,0,0,0,0,0,0,0,0,0,0,0,0,0,0,0,0,0.000000,0,c,0,0,0,0,0,0,0,0,0,0,0,0,0,0,0,0,0,0,1,3,5,143,0.002744,2429345.000000,885378320
2024-09-11-17-11-09,4,120,59.999981,/blk/mp0,745,uniform-shuffle,"",70002.000000,10833.666992,60,1,0.990000,41.916679,0.416667,10734.169922,109.716705,0.000000,r,10,63,65,67,74,77,106,109,118,121,139,183,331,410,497,607,719,785,960,1203,1203,1573,143.720188,946110.000000,6583,w,8,9,9,9,9,9,10,11,762,1564,2660,4056,5225,5480,5987,6278,6405,6476,6602,6833,7069,9219,1179.244462,759492396.000000,644050,s,2147483647,0,0,0,0,0,0,0,0,0,0,0,0,0,0,0,0,0,0,0,0,-2147483648,0,0.000000,0,c,0,0,0,0,0,0,0,0,0,0,0,0,0,0,0,0,0,0,1,3,5,351,0.002749,2416035.000000,878791806
2024-09-11-17-11-09,4,180,59.999992,/blk/mp0,745,uniform-shuffle,"",70002.000000,10833.666992,60,1,0.990000,41.950005,0.400000,10741.734375,106.566681,0.000000,r,61,63,65,66,74,77,106,110,119,128,157,253,415,494,570,659,768,811,1070,1479,1479,1632,158.143572,1011170.000000,6394,w,8,9,9,9,9,9,10,11,1152,2364,3786,4982,5486,5850,6203,6349,6453,6518,6655,6885,7420,7516,1379.746526,889252155.000000,644504,s,2147483647,0,0,0,0,0,0,0,0,0,0,0,0,0,0,0,0,0,0,0,0,-2147483648,0,0.000000,0,c,0,0,0,0,0,0,0,0,0,0,0,0,0,0,0,0,0,0,2,3,6,322,0.002885,2517998.000000,872718257
2024-09-11-17-11-09,4,240,60.000015,/blk/mp0,745,uniform-shuffle,"",70002.000000,10833.666992,60,1,0.990000,41.899990,0.416667,10728.213867,107.866638,0.000000,r,61,63,65,66,74,77,106,109,118,124,151,235,410,484,557,642,746,811,1078,1490,1490,2213,155.390451,1005687.000000,6472,w,8,9,9,9,9,9,10,11,1141,2340,3629,4892,5439,5757,6194,6345,6447,6506,6615,6833,7074,7179,1360.287438,875607502.000000,643693,s,2147483647,0,0,0,0,0,0,0,0,0,0,0,0,0,0,0,0,0,0,0,0,-2147483648,0,0.000000,0,c,0,0,0,0,0,0,0,0,0,0,0,0,0,0,0,0,0,0,2,3,6,316,0.002883,2521678.000000,874628628
2024-09-11-17-11-09,4,300,60.000061,/blk/mp0,745,uniform-shuffle,"",70002.000000,10833.666992,60,1,0.990000,41.833290,0.416666,10710.456055,107.849892,0.000000,r,61,63,65,66,74,77,106,110,119,126,158,237,425,503,579,660,767,837,998,1297,1297,1618,158.648277,1026613.000000,6471,w,8,9,9,9,9,9,10,11,948,2005,3538,4872,5459,5841,6208,6350,6462,6531,6663,6882,7126,7138,1326.657923,852547528.000000,642628,s,2147483647,0,0,0,0,0,0,0,0,0,0,0,0,0,0,0,0,0,0,0,0,-2147483648,0,0.000000,0,c,0,0,0,0,0,0,0,0,0,0,0,0,0,0,0,0,0,0,2,3,5,308,0.002837,2493708.000000,878889120
2024-09-11-17-11-09,4,360,59.999969,/blk/mp0,745,uniform-shuffle,"",70002.000000,10833.666992,60,1,0.990000,41.916687,0.416667,10733.789062,109.600060,0.000000,r,61,63,65,66,74,78,106,110,119,124,155,226,397,473,543,637,721,797,933,1168,1168,2013,153.778741,1011249.000000,6576,w,8,9,9,9,9,9,10,11,1026,2019,3365,4760,5426,5748,6208,6338,6430,6485,6598,6761,7079,7204,1317.556824,848542169.000000,644027,s,2147483647,0,0,0,0,0,0,0,0,0,0,0,0,0,0,0,0,0,0,0,0,-2147483648,0,0.000000,0,c,0,0,0,0,0,0,0,0,0,0,0,0,0,0,0,0,0,0,2,3,5,318,0.002840,2495134.000000,878592425
2024-09-11-17-11-09,4,420,59.999939,/blk/mp0,745,uniform-shuffle,"",70002.000000,10833.666992,60,1,0.990000,41.800041,0.400000,10703.277344,105.466774,0.000000,r,61,63,65,66,74,78,106,109,118,121,139,191,382,459,538,622,726,795,965,1229,1229,1667,149.315582,944869.000000,6328,w,8,9,9,9,9,9,10,11,960,1936,3306,4666,5424,5680,6174,6350,6446,6503,6620,6791,6939,7081,1296.453564,832577293.000000,642196,s,2147483647,0,0,0,0,0,0,0,0,0,0,0,0,0,0,0,0,0,0,0,0,-2147483648,0,0.000000,0,c,0,0,0,0,0,0,0,0,0,0,0,0,0,0,0,0,0,0,2,3,5,313,0.002827,2486467.000000,879405810
2024-09-11-17-11-09,4,480,60.000000,/blk/mp0,745,uniform-shuffle,"",70002.000000,10833.666992,60,1,0.990000,41.983334,0.400000,10749.833008,105.783333,0.000000,r,61,63,65,66,74,77,106,110,118,121,141,191,345,452,541,629,708,775,900,1207,1207,1352,147.728376,937632.000000,6347,w,8,9,9,9,9,9,10,11,822,1786,3061,4642,5408,5668,6143,6322,6430,6493,6622,6821,7092,7158,1263.805747,815142069.000000,644990,s,2147483647,0,0,0,0,0,0,0,0,0,0,0,0,0,0,0,0,0,0,0,0,-2147483648,0,0.000000,0,c,0,0,0,0,0,0,0,0,0,0,0,0,0,0,0,0,0,0,2,3,5,309,0.002803,2489629.000000,888140432
2024-09-11-17-11-09,4,540,60.000092,/blk/mp0,745,uniform-shuffle,"",70002.000000,10833.666992,60,1,0.990000,41.883270,0.416666,10726.050781,108.433167,0.000000,r,61,63,65,66,74,77,106,109,118,120,131,167,290,394,495,606,712,775,921,1224,1224,1483,140.697049,915375.000000,6506,w,8,9,9,9,9,9,10,11,969,1909,3000,4070,5145,5451,5809,6244,6388,6456,6579,6846,7351,7517,1222.086265,786490725.000000,643564,s,2147483647,0,0,0,0,0,0,0,0,0,0,0,0,0,0,0,0,0,0,0,0,-2147483648,0,0.000000,0,c,0,0,0,0,0,0,0,0,0,0,0,0,0,0,0,0,0,0,2,3,5,308,0.002832,2497986.000000,882021233
2024-09-11-17-11-09,4,600,59.999939,/blk/mp0,745,uniform-shuffle,"",70002.000000,10833.666992,60,1,0.990000,41.866711,0.416667,10720.777344,110.450111,0.000000,r,61,63,65,67,75,81,106,110,119,125,152,230,427,509,579,665,781,838,1106,1538,1538,1699,158.829335,1052562.000000,6627,w,8,9,9,9,9,9,10,11,1244,2298,3551,4885,5476,5829,6235,6365,6460,6510,6628,6856,7001,7093,1366.919735,879265652.000000,643246,s,2147483647,0,0,0,0,0,0,0,0,0,0,0,0,0,0,0,0,0,0,0,0,-2147483648,0,0.000000,0,c,0,0,0,0,0,0,0,0,0,0,0,0,0,0,0,0,0,0,2,3,6,324,0.002868,2531621.000000,882643571
2024-09-11-17-11-09,4,660,60.000000,/blk/mp0,745,uniform-shuffle,"",70002.000000,10833.666992,60,1,0.990000,41.883335,0.416667,10724.166992,109.233330,0.000000,r,61,63,65,67,74,78,106,109,118,122,141,190,352,431,528,635,738,824,1101,1640,1640,1965,148.411962,972692.000000,6554,w,8,9,9,9,9,9,10,11,945,1808,3025,4481,5374,5612,6078,6300,6414,6477,6605,6837,7041,9561,1260.123104,810826211.000000,643450,s,2147483647,0,0,0,0,0,0,0,0,0,0,0,0,0,0,0,0,0,0,0,0,-2147483648,0,0.000000,0,c,0,0,0,0,0,0,0,0,0,0,0,0,0,0,0,0,0,0,2,3,6,313,0.002874,2531888.000000,880870647
2024-09-11-17-11-09,4,720,60.000061,/blk/mp0,745,uniform-shuffle,"",70002.000000,10833.666992,60,1,0.990000,41.933292,0.416666,10736.055664,107.783226,0.000000,r,61,63,65,67,74,78,106,110,118,122,145,197,351,433,528,624,726,806,913,1284,1284,1311,148.136075,957996.000000,6467,w,8,9,9,9,9,9,10,11,900,1848,3167,4533,5342,5573,6067,6293,6417,6480,6587,6714,6890,6959,1263.662026,814005585.000000,644164,s,2147483647,0,0,0,0,0,0,0,0,0,0,0,0,0,0,0,0,0,0,0,0,-2147483648,0,0.000000,0,c,0,0,0,0,0,0,0,0,0,0,0,0,0,0,0,0,0,0,2,3,6,315,0.002883,2537099.000000,879933346
2024-09-11-17-11-09,4,780,60.000000,/blk/mp0,745,uniform-shuffle,"",70002.000000,10833.666992,60,1,0.990000,41.916668,0.416667,10731.500000,107.833336,0.000000,r,61,63,65,67,75,79,106,110,119,125,150,217,405,479,556,645,757,817,985,1621,1621,2053,155.263060,1004552.000000,6470,w,8,9,9,9,9,9,10,11,1005,2065,3432,4883,5480,5829,6197,6332,6425,6477,6582,6818,7017,7108,1329.470119,856032515.000000,643890,s,2147483647,0,0,0,0,0,0,0,0,0,0,0,0,0,0,0,0,0,0,0,0,-2147483648,0,0.000000,0,c,0,0,0,0,0,0,0,0,0,0,0,0,0,0,0,0,0,0,2,3,6,1006,0.002886,2535850.000000,878562866
2024-09-11-17-11-09,4,840,59.999939,/blk/mp0,745,uniform-shuffle,"",70002.000000,10833.666992,60,1,0.990000,41.950043,0.416667,10740.094727,108.300110,0.000000,r,61,63,65,67,75,77,106,111,119,129,163,261,436,506,577,669,760,816,975,1153,1153,1365,160.567405,1043367.000000,6498,w,8,9,9,9,9,9,10,11,1230,2335,3707,5053,5523,5854,6219,6367,6476,6541,6675,7019,7394,7414,1385.460544,892797702.000000,644405,s,2147483647,0,0,0,0,0,0,0,0,0,0,0,0,0,0,0,0,0,0,0,0,-2147483648,0,0.000000,0,c,0,0,0,0,0,0,0,0,0,0,0,0,0,0,0,0,0,0,2,3,6,313,0.002915,2541478.000000,871903135
2024-09-11-17-11-09,4,900,60.000000,/blk/mp0,745,uniform-shuffle,"",70002.000000,10833.666992,60,1,0.990000,41.883335,0.416667,10723.633789,110.533333,0.000000,r,61,63,65,68,75,82,106,110,119,126,154,251,418,479,553,647,757,827,988,1403,1403,1490,157.696622,1045844.000000,6632,w,8,9,9,9,9,9,10,11,975,2013,3276,4778,5453,5744,6177,6322,6423,6480,6611,6910,7036,7066,1310.192031,843001136.000000,643418,s,2147483647,0,0,0,0,0,0,0,0,0,0,0,0,0,0,0,0,0,0,0,0,-2147483648,0,0.000000,0,c,0,0,0,0,0,0,0,0,0,0,0,0,0,0,0,0,0,0,2,3,6,324,0.002903,2532586.000000,872483401
2024-09-11-17-11-09,4,960,60.000061,/blk/mp0,745,uniform-shuffle,"",70002.000000,10833.666992,60,1,0.990000,41.916622,0.416666,10732.956055,108.283226,0.000000,r,61,63,65,67,75,84,107,111,119,126,154,216,392,466,539,624,721,781,921,1025,1025,1088,152.956288,993757.000000,6497,w,8,9,9,9,9,10,10,11,1369,2337,3409,4754,5470,5711,6136,6303,6399,6452,6570,6808,6926,7359,1353.310197,871501994.000000,643978,s,2147483647,0,0,0,0,0,0,0,0,0,0,0,0,0,0,0,0,0,0,0,0,-2147483648,0,0.000000,0,c,0,0,0,0,0,0,0,0,0,0,0,0,0,0,0,0,0,0,2,3,6,312,0.002909,2539092.000000,872919924
2024-09-11-17-32-54,4,60,60.000160,/blk/mp0,745,uniform-shuffle,"",60002.000000,9167.000000,60,1,0.990000,35.399906,0.349999,9065.958984,92.583084,0.000000,r,14,63,64,65,66,75,101,107,116,119,126,165,339,446,568,695,806,920,1432,1743,1743,1749,145.978218,810909.000000,5555,w,8,9,9,9,9,9,9,10,22,880,2110,4096,5390,6009,6766,7346,7648,9977,16570,19998,19998,19998,1184.986157,644583885.000000,543959,s,19999,0,0,0,0,0,0,0,0,0,0,0,0,0,0,0,0,0,0,0,0,0,0,0.000000,0,c,0,0,0,0,0,0,0,0,0,0,0,0,0,0,0,0,0,0,1,3,5,144,0.002362,2096430.000000,887577532
2024-09-11-17-32-54,4,120,59.999966,/blk/mp0,745,uniform-shuffle,"",60002.000000,9167.000000,60,1,0.990000,35.416687,0.350000,9069.754883,91.683388,0.000000,r,61,63,64,65,67,75,101,107,114,118,121,141,195,273,400,602,774,841,972,1420,1420,1566,127.495910,701355.000000,5501,w,8,9,9,9,9,9,9,10,16,633,1744,3002,4589,5599,6278,7164,7421,7507,7672,8002,8390,8557,1014.543023,552099095.000000,544185,s,2147483647,0,0,0,0,0,0,0,0,0,0,0,0,0,0,0,0,0,0,0,0,-2147483648,0,0.000000,0,c,0,0,0,0,0,0,0,0,0,0,0,0,0,0,0,0,0,0,1,3,5,361,0.002357,2087981.000000,885762993
2024-09-11-17-32-54,4,180,60.000183,/blk/mp0,745,uniform-shuffle,"",60002.000000,9167.000000,60,1,0.990000,35.483227,0.349999,9087.088867,91.666389,0.000000,r,61,63,64,65,66,75,90,107,115,118,123,149,216,339,500,670,784,869,1160,1632,1632,1637,134.884182,741863.000000,5500,w,8,9,9,9,9,9,10,10,20,824,2030,3391,5232,5900,6577,7256,7449,7537,7679,7961,8129,8233,1098.674728,599027126.000000,545227,s,2147483647,0,0,0,0,0,0,0,0,0,0,0,0,0,0,0,0,0,0,0,0,-2147483648,0,0.000000,0,c,0,0,0,0,0,0,0,0,0,0,0,0,0,0,0,0,0,0,1,3,6,308,0.002511,2207743.000000,879373727
2024-09-11-17-32-54,4,240,59.999832,/blk/mp0,745,uniform-shuffle,"",60002.000000,9167.000000,60,1,0.990000,35.400101,0.350001,9064.891602,91.600258,0.000000,r,61,63,65,65,66,75,95,107,115,118,121,139,189,282,409,636,773,855,1011,1253,1253,1435,128.298217,705127.000000,5496,w,8,9,9,9,9,9,10,10,19,576,1426,2778,4650,5716,6276,7232,7440,7527,7683,7923,8044,8108,988.003096,537366980.000000,543892,s,2147483647,0,0,0,0,0,0,0,0,0,0,0,0,0,0,0,0,0,0,0,0,-2147483648,0,0.000000,0,c,0,0,0,0,0,0,0,0,0,0,0,0,0,0,0,0,0,0,1,3,6,333,0.002530,2225006.000000,879428656
2024-09-11-17-32-54,4,300,60.000000,/blk/mp0,745,uniform-shuffle,"",60002.000000,9167.000000,60,1,0.990000,35.433334,0.350000,9072.466797,92.883331,0.000000,r,61,63,65,65,66,75,85,107,112,117,120,134,181,250,395,617,778,862,997,1249,1249,1432,125.626951,700119.000000,5573,w,8,9,9,9,9,9,10,10,17,549,1341,2620,4437,5544,6206,7162,7426,7525,7670,7857,8069,8244,962.098154,523716206.000000,544348,s,2147483647,0,0,0,0,0,0,0,0,0,0,0,0,0,0,0,0,0,0,0,0,-2147483648,0,0.000000,0,c,0,0,0,0,0,0,0,0,0,0,0,0,0,0,0,0,0,0,1,3,5,313,0.002461,2179601.000000,885728593
2024-09-11-17-32-54,4,360,60.000000,/blk/mp0,745,uniform-shuffle,"",60002.000000,9167.000000,60,1,0.990000,35.450001,0.350000,9078.833008,91.949997,0.000000,r,61,63,65,65,66,75,92,107,112,118,120,133,178,235,346,545,713,795,897,1131,1131,1603,121.932753,672703.000000,5517,w,8,9,9,9,9,9,10,10,18,536,1338,2621,4411,5591,6246,7124,7439,7563,7755,7924,8044,8152,959.907686,522890514.000000,544730,s,2147483647,0,0,0,0,0,0,0,0,0,0,0,0,0,0,0,0,0,0,0,0,-2147483648,0,0.000000,0,c,0,0,0,0,0,0,0,0,0,0,0,0,0,0,0,0,0,0,1,3,5,316,0.002453,2175339.000000,886725509
2024-09-11-17-32-54,4,420,59.999969,/blk/mp0,745,uniform-shuffle,"",60002.000000,9167.000000,60,1,0.990000,35.400017,0.350000,9065.187500,90.950043,0.000000,r,61,63,65,65,67,75,103,107,116,119,124,154,238,366,504,674,810,912,1150,1465,1465,1622,137.720542,751541.000000,5457,w,8,9,9,9,9,9,10,10,19,650,1646,3128,5140,5970,6590,7282,7492,7580,7732,8024,8137,8236,1057.257785,575054139.000000,543911,s,2147483647,0,0,0,0,0,0,0,0,0,0,0,0,0,0,0,0,0,0,0,0,-2147483648,0,0.000000,0,c,0,0,0,0,0,0,0,0,0,0,0,0,0,0,0,0,0,0,1,3,5,311,0.002455,2175306.000000,886175804
2024-09-11-17-32-54,4,480,60.000000,/blk/mp0,745,uniform-shuffle,"",60002.000000,9167.000000,60,1,0.990000,35.483334,0.366667,9085.066406,95.183334,0.000000,r,61,63,65,65,66,75,83,107,112,117,120,133,172,222,335,550,718,802,998,1081,1081,1531,120.882157,690358.000000,5711,w,8,9,9,9,9,9,10,10,17,481,1319,2226,3701,4775,5817,6910,7366,7466,7650,7884,8161,8261,873.012154,475882417.000000,545104,s,2147483647,0,0,0,0,0,0,0,0,0,0,0,0,0,0,0,0,0,0,0,0,-2147483648,0,0.000000,0,c,0,0,0,0,0,0,0,0,0,0,0,0,0,0,0,0,0,0,1,3,5,311,0.002453,2173134.000000,885923395
2024-09-11-17-32-54,4,540,60.000061,/blk/mp0,745,uniform-shuffle,"",60002.000000,9167.000000,60,1,0.990000,35.449963,0.350000,9078.491211,91.716576,0.000000,r,61,63,65,65,67,75,103,107,116,119,124,149,244,349,492,668,788,872,1033,1306,1306,1703,136.346720,750316.000000,5503,w,8,9,9,9,9,9,10,10,19,711,1707,3094,4963,5899,6660,7283,7437,7517,7690,8022,8297,8449,1050.283397,572099869.000000,544710,s,2147483647,0,0,0,0,0,0,0,0,0,0,0,0,0,0,0,0,0,0,0,0,-2147483648,0,0.000000,0,c,0,0,0,0,0,0,0,0,0,0,0,0,0,0,0,0,0,0,1,3,5,315,0.002465,2182700.000000,885466068
2024-09-11-17-32-54,4,600,60.000000,/blk/mp0,745,uniform-shuffle,"",60002.000000,9167.000000,60,1,0.990000,35.483334,0.350000,9086.183594,91.233330,0.000000,r,61,63,65,65,67,75,101,107,116,118,122,142,211,306,450,644,798,916,1196,1412,1412,1528,132.883632,727405.000000,5474,w,8,9,9,9,9,9,10,10,20,667,1695,3156,4923,5744,6432,7233,7448,7546,7749,8066,8554,8609,1044.040523,569180616.000000,545171,s,2147483647,0,0,0,0,0,0,0,0,0,0,0,0,0,0,0,0,0,0,0,0,-2147483648,0,0.000000,0,c,0,0,0,0,0,0,0,0,0,0,0,0,0,0,0,0,0,0,1,3,5,312,0.002505,2213868.000000,883618369
2024-09-11-17-32-54,4,660,59.999939,/blk/mp0,745,uniform-shuffle,"",60002.000000,9167.000000,60,1,0.990000,35.450035,0.350000,9077.475586,91.133423,0.000000,r,61,63,65,65,66,75,84,107,112,118,121,142,204,302,443,660,787,890,1186,1487,1487,2015,131.608815,719637.000000,5468,w,8,9,9,9,9,9,10,10,22,779,1849,3176,5052,5864,6613,7266,7444,7538,7701,8008,8735,8985,1070.301993,582937840.000000,544648,s,2147483647,0,0,0,0,0,0,0,0,0,0,0,0,0,0,0,0,0,0,0,0,-2147483648,0,0.000000,0,c,0,0,0,0,0,0,0,0,0,0,0,0,0,0,0,0,0,0,1,3,6,315,0.002532,2226012.000000,879186596
2024-09-11-17-32-54,4,720,60.000000,/blk/mp0,745,uniform-shuffle,"",60002.000000,9167.000000,60,1,0.990000,35.500000,0.350000,9088.383789,90.349998,0.000000,r,61,63,65,65,66,75,94,107,115,118,122,145,215,316,451,657,797,872,1223,1499,1499,1727,133.300867,722624.000000,5421,w,8,9,9,9,9,9,10,10,22,831,2058,3560,5506,6049,6713,7299,7459,7537,7709,8014,8166,9493,1127.379147,614763231.000000,545303,s,2147483647,0,0,0,0,0,0,0,0,0,0,0,0,0,0,0,0,0,0,0,0,-2147483648,0,0.000000,0,c,0,0,0,0,0,0,0,0,0,0,0,0,0,0,0,0,0,0,1,3,6,319,0.002522,2229007.000000,883807401
2024-09-11-17-32-54,4,780,60.000000,/blk/mp0,745,uniform-shuffle,"",60002.000000,9167.000000,60,1,0.990000,35.400002,0.350000,9062.566406,91.716667,0.000000,r,61,63,64,65,66,75,82,107,112,118,121,142,191,261,390,615,745,820,1009,1335,1335,1381,126.429220,695740.000000,5503,w,8,9,9,9,9,9,10,10,20,696,1648,3061,4869,5780,6357,7196,7428,7511,7676,7982,8227,8393,1034.093951,562292722.000000,543754,s,2147483647,0,0,0,0,0,0,0,0,0,0,0,0,0,0,0,0,0,0,0,0,-2147483648,0,0.000000,0,c,0,0,0,0,0,0,0,0,0,0,0,0,0,0,0,0,0,0,1,3,6,316,0.002522,2222880.000000,881504717
2024-09-11-17-32-54,4,840,60.000000,/blk/mp0,745,uniform-shuffle,"",60002.000000,9167.000000,60,1,0.990000,35.466667,0.366667,9082.916992,94.216667,0.000000,r,61,63,65,65,67,75,97,107,116,118,122,144,202,304,467,652,786,884,1031,1447,1447,1668,132.758535,750484.000000,5653,w,8,9,9,9,9,9,10,10,19,835,1909,3309,5091,5853,6481,7244,7414,7494,7639,8024,8323,8359,1080.093303,588623848.000000,544975,s,2147483647,0,0,0,0,0,0,0,0,0,0,0,0,0,0,0,0,0,0,0,0,-2147483648,0,0.000000,0,c,0,0,0,0,0,0,0,0,0,0,0,0,0,0,0,0,0,0,1,3,6,311,0.002527,2228521.000000,881715262
2024-09-11-17-32-54,4,900,60.000061,/blk/mp0,745,uniform-shuffle,"",60002.000000,9167.000000,60,1,0.990000,35.466629,0.350000,9080.690430,93.816574,0.000000,r,61,63,65,65,66,75,102,107,116,118,124,151,235,340,489,676,800,914,1112,1401,1401,1547,136.337360,767443.000000,5629,w,8,9,9,9,9,9,10,10,19,824,1970,3379,5209,5948,6718,7306,7473,7553,7697,7935,8116,8244,1099.404908,599001969.000000,544842,s,2147483647,0,0,0,0,0,0,0,0,0,0,0,0,0,0,0,0,0,0,0,0,-2147483648,0,0.000000,0,c,0,0,0,0,0,0,0,0,0,0,0,0,0,0,0,0,0,0,1,3,6,332,0.002540,2230942.000000,878460662
2024-09-11-17-32-54,4,960,60.000000,/blk/mp0,745,uniform-shuffle,"",60002.000000,9167.000000,60,1,0.990000,35.366665,0.350000,9058.083008,91.733330,0.000000,r,61,63,65,65,66,75,82,107,113,118,121,143,206,302,426,623,770,836,991,1458,1458,1634,129.852289,714707.000000,5504,w,8,9,9,9,9,9,10,10,21,825,1997,3627,5495,6028,6742,7231,7415,7509,7705,8064,8287,8366,1125.260458,611562180.000000,543485,s,2147483647,0,0,0,0,0,0,0,0,0,0,0,0,0,0,0,0,0,0,0,0,-2147483648,0,0.000000,0,c,0,0,0,0,0,0,0,0,0,0,0,0,0,0,0,0,0,0,1,3,6,326,0.002534,2227337.000000,878868073
2024-09-11-17-54-39,4,60,60.000095,/blk/mp0,745,uniform-shuffle,"",50002.000000,7500.333496,60,1,0.990000,29.033287,0.283333,7432.788086,73.916550,0.000000,r,61,63,64,64,65,74,75,104,108,113,118,124,161,208,359,606,862,988,1444,1744,1744,2249,120.950395,536415.000000,4435,w,8,9,9,9,9,9,9,10,10,11,322,1477,3330,4540,5846,7510,8851,9903,16524,19998,19998,19998,799.666736,356625775.000000,445968,s,19999,0,0,0,0,0,0,0,0,0,0,0,0,0,0,0,0,0,0,0,0,0,0,0.000000,0,c,0,0,0,0,0,0,0,0,0,0,0,0,0,0,0,0,0,0,1,3,5,39,0.001946,1750734.000000,899739546
2024-09-11-17-54-39,4,120,60.000008,/blk/mp0,745,uniform-shuffle,"",50002.000000,7500.333496,60,1,0.990000,28.983330,0.283333,7420.015625,72.983322,0.000000,r,61,63,64,65,65,74,76,104,107,110,117,120,134,156,199,317,429,692,1129,1631,1631,1787,102.759306,449983.000000,4379,w,8,9,9,9,9,9,9,10,10,11,209,1080,2593,3609,4833,6625,8133,8616,8982,9531,10105,10147,648.912285,288896398.000000,445201,s,2147483647,0,0,0,0,0,0,0,0,0,0,0,0,0,0,0,0,0,0,0,0,-2147483648,0,0.000000,0,c,0,0,0,0,0,0,0,0,0,0,0,0,0,0,0,0,0,0,1,3,5,331,0.001951,1748299.000000,895885718
2024-09-11-17-54-39,4,180,59.999962,/blk/mp0,745,uniform-shuffle,"",50002.000000,7500.333496,60,1,0.990000,29.000019,0.300000,7424.521484,77.900047,0.000000,r,11,63,64,65,65,74,76,104,108,110,117,120,139,163,210,355,557,760,1057,1290,1290,1426,105.341249,492365.000000,4674,w,8,9,9,9,9,9,10,10,10,12,293,1275,2792,3733,5051,6812,8439,8768,9019,9434,9520,9526,690.666007,307671677.000000,445471,s,2147483647,0,0,0,0,0,0,0,0,0,0,0,0,0,0,0,0,0,0,0,0,-2147483648,0,0.000000,0,c,0,0,0,0,0,0,0,0,0,0,0,0,0,0,0,0,0,0,1,3,5,303,0.002093,1863686.000000,890480332
2024-09-11-17-54-39,4,240,60.000015,/blk/mp0,745,uniform-shuffle,"",50002.000000,7500.333496,60,1,0.990000,28.983326,0.283333,7423.364746,75.849983,0.000000,r,61,63,64,65,65,74,76,104,108,110,117,120,140,161,221,352,621,806,1034,1583,1583,1617,106.211602,483369.000000,4551,w,8,9,9,9,9,9,10,10,10,11,248,1155,2619,3472,4790,6764,8412,8752,9032,9456,9761,9909,659.072525,293552221.000000,445402,s,2147483647,0,0,0,0,0,0,0,0,0,0,0,0,0,0,0,0,0,0,0,0,-2147483648,0,0.000000,0,c,0,0,0,0,0,0,0,0,0,0,0,0,0,0,0,0,0,0,1,3,5,308,0.002145,1903867.000000,887473495
2024-09-11-17-54-39,4,300,60.000000,/blk/mp0,745,uniform-shuffle,"",50002.000000,7500.333496,60,1,0.990000,29.016666,0.283333,7432.433105,73.966667,0.000000,r,61,63,64,65,65,74,76,105,108,112,118,122,146,166,214,373,550,749,1039,1141,1141,1731,107.030870,475003.000000,4438,w,8,9,9,9,9,9,10,10,10,11,230,971,2349,3581,4979,6814,8474,8821,9126,9456,9826,9979,647.226720,288628167.000000,445946,s,2147483647,0,0,0,0,0,0,0,0,0,0,0,0,0,0,0,0,0,0,0,0,-2147483648,0,0.000000,0,c,0,0,0,0,0,0,0,0,0,0,0,0,0,0,0,0,0,0,1,3,5,307,0.002089,1868031.000000,894182313
2024-09-11-17-54-39,4,360,60.000031,/blk/mp0,745,uniform-shuffle,"",50002.000000,7500.333496,60,1,0.990000,28.966652,0.283333,7415.812988,75.683296,0.000000,r,61,63,64,65,65,74,76,104,108,112,118,122,149,176,242,421,742,872,1046,1342,1342,1392,111.446598,506079.000000,4541,w,8,9,9,9,9,9,10,10,10,12,373,1487,3133,4292,5719,7532,8616,8812,9066,9394,9544,9661,760.055458,338185916.000000,444949,s,2147483647,0,0,0,0,0,0,0,0,0,0,0,0,0,0,0,0,0,0,0,0,-2147483648,0,0.000000,0,c,0,0,0,0,0,0,0,0,0,0,0,0,0,0,0,0,0,0,1,3,5,311,0.002080,1859919.000000,894283386
2024-09-11-17-54-39,4,420,60.000000,/blk/mp0,745,uniform-shuffle,"",50002.000000,7500.333496,60,1,0.990000,29.000000,0.283333,7425.850098,75.750000,0.000000,r,61,63,64,65,65,74,76,104,108,111,118,121,146,167,235,408,736,865,1185,1587,1587,1752,110.286029,501250.000000,4545,w,8,9,9,9,9,9,10,10,10,12,479,1687,3550,4725,6134,7756,8671,8860,9092,9441,10149,10176,815.622225,363401298.000000,445551,s,2147483647,0,0,0,0,0,0,0,0,0,0,0,0,0,0,0,0,0,0,0,0,-2147483648,0,0.000000,0,c,0,0,0,0,0,0,0,0,0,0,0,0,0,0,0,0,0,0,1,3,5,302,0.002082,1863806.000000,895214759
2024-09-11-17-54-39,4,480,60.000000,/blk/mp0,745,uniform-shuffle,"",50002.000000,7500.333496,60,1,0.990000,28.933332,0.283333,7409.500000,76.183334,0.000000,r,61,63,64,65,65,74,76,104,108,110,117,120,139,163,208,353,614,738,1006,1132,1132,1143,105.412820,481842.000000,4571,w,8,9,9,9,9,9,10,10,10,11,243,1044,2571,3815,5503,7214,8443,8711,8949,9255,9356,9439,688.233516,305967974.000000,444570,s,2147483647,0,0,0,0,0,0,0,0,0,0,0,0,0,0,0,0,0,0,0,0,-2147483648,0,0.000000,0,c,0,0,0,0,0,0,0,0,0,0,0,0,0,0,0,0,0,0,1,3,5,310,0.002077,1860127.000000,895385541
2024-09-11-17-54-39,4,540,60.000000,/blk/mp0,745,uniform-shuffle,"",50002.000000,7500.333496,60,1,0.990000,28.983334,0.283333,7420.899902,75.916664,0.000000,r,61,63,64,65,65,74,76,104,108,112,118,121,142,168,230,387,745,879,1238,1615,1615,1918,109.486718,498712.000000,4555,w,8,9,9,9,9,9,10,10,10,12,361,1282,2846,3915,5381,7109,8536,8868,9140,9521,10022,10126,713.752714,317801251.000000,445254,s,2147483647,0,0,0,0,0,0,0,0,0,0,0,0,0,0,0,0,0,0,0,0,-2147483648,0,0.000000,0,c,0,0,0,0,0,0,0,0,0,0,0,0,0,0,0,0,0,0,1,3,5,298,0.002069,1853643.000000,895794335
2024-09-11-17-54-39,4,600,60.000793,/blk/mp0,745,uniform-shuffle,"",50002.000000,7500.333496,60,1,0.990000,29.032949,0.283330,7434.484863,76.332321,0.000000,r,61,63,64,65,65,74,76,104,108,112,118,122,144,167,258,395,618,778,938,1074,1074,1149,107.683624,493191.000000,4580,w,8,9,9,9,9,9,10,10,10,12,396,1553,3004,4089,5382,7004,8578,8827,9075,9575,9755,9805,737.672934,329057454.000000,446075,s,2147483647,0,0,0,0,0,0,0,0,0,0,0,0,0,0,0,0,0,0,0,0,-2147483648,0,0.000000,0,c,0,0,0,0,0,0,0,0,0,0,0,0,0,0,0,0,0,0,1,3,5,306,0.002117,1893516.000000,894368784
2024-09-11-17-54-39,4,660,59.999207,/blk/mp0,745,uniform-shuffle,"",50002.000000,7500.333496,60,1,0.990000,28.967051,0.283337,7416.348145,75.150993,0.000000,r,61,63,64,65,65,74,76,103,108,111,117,120,139,162,204,313,431,679,938,1231,1231,1649,102.575294,462512.000000,4509,w,8,9,9,9,9,9,10,10,10,11,199,979,2367,3374,4532,6575,8164,8543,9047,9408,9543,9600,623.659349,277512819.000000,444975,s,2147483647,0,0,0,0,0,0,0,0,0,0,0,0,0,0,0,0,0,0,0,0,-2147483648,0,0.000000,0,c,0,0,0,0,0,0,0,0,0,0,0,0,0,0,0,0,0,0,1,3,6,308,0.002157,1918368.000000,889262445
2024-09-11-17-54-39,4,720,60.000061,/blk/mp0,745,uniform-shuffle,"",50002.000000,7500.333496,60,1,0.990000,28.983303,0.283333,7420.175781,74.699921,0.000000,r,61,63,64,65,65,74,76,104,107,110,117,120,136,157,213,367,567,739,964,1497,1497,1666,105.619366,473386.000000,4482,w,8,9,9,9,9,9,10,10,10,11,277,1303,2818,3832,5119,6886,8395,8731,9059,9353,9556,9580,693.225066,308631425.000000,445211,s,2147483647,0,0,0,0,0,0,0,0,0,0,0,0,0,0,0,0,0,0,0,0,-2147483648,0,0.000000,0,c,0,0,0,0,0,0,0,0,0,0,0,0,0,0,0,0,0,0,1,3,6,309,0.002157,1919345.000000,889967236
2024-09-11-17-54-39,4,780,59.999939,/blk/mp0,745,uniform-shuffle,"",50002.000000,7500.333496,60,1,0.990000,29.033363,0.283334,7432.807617,74.766747,0.000000,r,61,63,64,65,65,74,76,104,108,110,117,121,141,162,196,337,432,666,998,1406,1406,1626,103.428890,463982.000000,4486,w,8,9,9,9,9,9,10,10,10,11,148,959,2794,3716,4858,6452,8104,8484,8973,9373,9553,9630,646.336112,288245223.000000,445968,s,2147483647,0,0,0,0,0,0,0,0,0,0,0,0,0,0,0,0,0,0,0,0,-2147483648,0,0.000000,0,c,0,0,0,0,0,0,0,0,0,0,0,0,0,0,0,0,0,0,1,3,6,304,0.002167,1922499.000000,887133672
2024-09-11-17-54-39,4,840,60.000000,/blk/mp0,745,uniform-shuffle,"",50002.000000,7500.333496,60,1,0.990000,28.866667,0.283333,7391.299805,75.633331,0.000000,r,61,63,64,65,65,74,76,104,108,111,118,122,149,180,257,425,680,783,982,1164,1164,1602,110.293521,500512.000000,4538,w,8,9,9,9,9,9,10,10,10,11,295,1370,3129,4483,6182,8086,8701,8893,9149,9366,9819,9860,775.505103,343919452.000000,443478,s,2147483647,0,0,0,0,0,0,0,0,0,0,0,0,0,0,0,0,0,0,0,0,-2147483648,0,0.000000,0,c,0,0,0,0,0,0,0,0,0,0,0,0,0,0,0,0,0,0,1,3,6,302,0.002159,1915220.000000,887208243
2024-09-11-17-54-39,4,900,60.000000,/blk/mp0,745,uniform-shuffle,"",50002.000000,7500.333496,60,1,0.990000,28.983334,0.283333,7422.916504,76.349998,0.000000,r,61,63,64,65,65,74,76,95,107,110,117,120,136,157,191,343,632,833,1029,1167,1167,1210,104.501419,478721.000000,4581,w,8,9,9,9,9,9,10,10,10,12,347,1517,3082,3969,5268,7097,8547,8782,9061,9472,9711,9746,732.043815,326034014.000000,445375,s,2147483647,0,0,0,0,0,0,0,0,0,0,0,0,0,0,0,0,0,0,0,0,-2147483648,0,0.000000,0,c,0,0,0,0,0,0,0,0,0,0,0,0,0,0,0,0,0,0,1,3,6,318,0.002165,1924694.000000,889104991
2024-09-11-17-54-39,4,960,60.000000,/blk/mp0,745,uniform-shuffle,"",50002.000000,7500.333496,60,1,0.990000,29.000000,0.283333,7425.750000,74.783333,0.000000,r,61,63,64,65,65,74,76,104,108,111,117,120,138,161,209,343,454,609,880,1189,1189,1526,103.611767,464906.000000,4487,w,8,9,9,9,9,9,10,10,10,11,137,976,2346,3379,4794,6819,8260,8623,8983,9417,9599,9650,632.085902,281622713.000000,445545,s,2147483647,0,0,0,0,0,0,0,0,0,0,0,0,0,0,0,0,0,0,0,0,-2147483648,0,0.000000,0,c,0,0,0,0,0,0,0,0,0,0,0,0,0,0,0,0,0,0,1,3,6,311,0.002162,1920325.000000,888134681
2024-09-11-18-16-23,4,60,59.999985,/blk/mp0,745,uniform-shuffle,"",40002.000000,5833.666504,60,1,0.990000,22.566673,0.216667,5780.518066,57.283348,0.000000,r,61,63,64,64,65,66,75,76,105,107,113,118,130,159,225,519,865,1350,1922,8120,8120,9082,117.102415,402481.000000,3437,w,8,9,9,9,9,9,9,9,10,10,11,45,1322,2401,4031,7109,10234,10543,18409,19998,19998,19998,550.717087,191005758.000000,346831,s,19999,0,0,0,0,0,0,0,0,0,0,0,0,0,0,0,0,0,0,0,0,0,0,0.000000,0,c,0,0,0,0,0,0,0,0,0,0,0,0,0,0,0,0,0,0,0,3,5,129,0.001562,1421989.000000,910134924
2024-09-11-18-16-23,4,120,59.999969,/blk/mp0,745,uniform-shuffle,"",40002.000000,5833.666504,60,1,0.990000,22.483345,0.233333,5759.103027,60.166698,0.000000,r,61,62,64,64,65,66,74,76,105,107,110,117,121,131,156,224,327,384,478,671,671,1243,90.499446,326703.000000,3610,w,8,9,9,9,9,9,9,9,10,10,11,52,839,1639,2909,5003,6765,8115,9732,11030,11437,11626,379.751127,131221483.000000,345546,s,2147483647,0,0,0,0,0,0,0,0,0,0,0,0,0,0,0,0,0,0,0,0,-2147483648,0,0.000000,0,c,0,0,0,0,0,0,0,0,0,0,0,0,0,0,0,0,0,0,0,3,5,346,0.001549,1409363.000000,910115860
2024-09-11-18-16-23,4,180,60.000076,/blk/mp0,745,uniform-shuffle,"",40002.000000,5833.666504,60,1,0.990000,22.499971,0.216666,5761.809570,57.766594,0.000000,r,61,63,64,64,65,66,75,76,104,107,109,117,123,138,164,221,372,408,518,1141,1141,1300,91.966532,318756.000000,3466,w,8,9,9,9,9,9,10,10,10,10,11,58,1185,2106,3486,5514,7853,8917,10773,11609,12002,12142,444.178601,153556540.000000,345709,s,2147483647,0,0,0,0,0,0,0,0,0,0,0,0,0,0,0,0,0,0,0,0,-2147483648,0,0.000000,0,c,0,0,0,0,0,0,0,0,0,0,0,0,0,0,0,0,0,0,0,3,5,305,0.001672,1507783.000000,901639585
2024-09-11-18-16-23,4,240,59.999954,/blk/mp0,745,uniform-shuffle,"",40002.000000,5833.666504,60,1,0.990000,22.550016,0.216667,5775.404297,58.766712,0.000000,r,61,63,64,65,65,67,75,76,105,107,110,117,122,131,154,222,333,387,451,674,674,987,91.224050,321656.000000,3526,w,8,9,9,9,9,9,10,10,10,10,11,53,1152,2296,3365,4828,6914,7972,9608,10179,10616,10767,416.015471,144159345.000000,346524,s,2147483647,0,0,0,0,0,0,0,0,0,0,0,0,0,0,0,0,0,0,0,0,-2147483648,0,0.000000,0,c,0,0,0,0,0,0,0,0,0,0,0,0,0,0,0,0,0,0,0,3,5,316,0.001746,1568054.000000,897851763
2024-09-11-18-16-23,4,300,59.999985,/blk/mp0,745,uniform-shuffle,"",40002.000000,5833.666504,60,1,0.990000,22.500006,0.216667,5761.551270,58.150013,0.000000,r,61,63,64,65,65,66,75,76,105,107,111,118,123,140,162,234,346,408,625,1077,1077,1491,92.332473,322148.000000,3489,w,8,9,9,9,9,9,10,10,10,10,11,41,964,1860,3012,4897,7589,9417,10806,11567,11829,11964,405.645735,140228891.000000,345693,s,2147483647,0,0,0,0,0,0,0,0,0,0,0,0,0,0,0,0,0,0,0,0,-2147483648,0,0.000000,0,c,0,0,0,0,0,0,0,0,0,0,0,0,0,0,0,0,0,0,0,3,5,308,0.001717,1531941.000000,892010764
2024-09-11-18-16-23,4,360,59.999969,/blk/mp0,745,uniform-shuffle,"",40002.000000,5833.666504,60,1,0.990000,22.533344,0.216667,5772.652832,58.550030,0.000000,r,61,63,64,64,65,66,75,76,105,107,110,118,122,137,165,242,351,427,544,1220,1220,1431,92.883575,326300.000000,3513,w,8,9,9,9,9,9,10,10,10,10,11,36,914,1595,2770,4516,6417,7945,10389,10816,11233,11463,364.970952,126410974.000000,346359,s,2147483647,0,0,0,0,0,0,0,0,0,0,0,0,0,0,0,0,0,0,0,0,-2147483648,0,0.000000,0,c,0,0,0,0,0,0,0,0,0,0,0,0,0,0,0,0,0,0,0,3,5,322,0.001684,1507950.000000,895328842
2024-09-11-18-16-23,4,420,60.000000,/blk/mp0,745,uniform-shuffle,"",40002.000000,5833.666504,60,1,0.990000,22.549999,0.216667,5774.216797,58.016666,0.000000,r,61,63,64,64,65,66,75,76,105,107,110,118,122,133,159,245,354,411,472,629,629,1152,91.785694,319506.000000,3481,w,8,9,9,9,9,9,10,10,10,10,11,61,1115,1901,3117,5066,7211,8347,10383,11169,11783,11966,409.964962,142033591.000000,346453,s,2147483647,0,0,0,0,0,0,0,0,0,0,0,0,0,0,0,0,0,0,0,0,-2147483648,0,0.000000,0,c,0,0,0,0,0,0,0,0,0,0,0,0,0,0,0,0,0,0,0,3,5,310,0.001685,1507318.000000,894482401
2024-09-11-18-16-23,4,480,60.000061,/blk/mp0,745,uniform-shuffle,"",40002.000000,5833.666504,60,1,0.990000,22.499977,0.216666,5764.010742,58.966606,0.000000,r,61,63,64,64,65,66,75,76,105,107,110,118,123,133,160,246,381,460,804,1067,1067,1088,93.157434,329591.000000,3538,w,8,9,9,9,9,9,10,10,10,10,11,121,1534,2652,4010,6609,8970,10143,10733,11337,11567,11684,526.463716,182072738.000000,345841,s,2147483647,0,0,0,0,0,0,0,0,0,0,0,0,0,0,0,0,0,0,0,0,-2147483648,0,0.000000,0,c,0,0,0,0,0,0,0,0,0,0,0,0,0,0,0,0,0,0,0,3,5,303,0.001679,1502953.000000,895221220
2024-09-11-18-16-23,4,540,59.999939,/blk/mp0,745,uniform-shuffle,"",40002.000000,5833.666504,60,1,0.990000,22.550022,0.233334,5776.072754,59.733395,0.000000,r,61,63,64,64,65,66,75,76,105,107,110,117,121,130,156,231,348,408,494,624,624,1123,91.342913,327373.000000,3584,w,8,9,9,9,9,9,10,10,10,10,11,31,904,1650,2933,4692,6915,8028,9347,10128,10366,10458,374.819886,129899079.000000,346564,s,2147483647,0,0,0,0,0,0,0,0,0,0,0,0,0,0,0,0,0,0,0,0,-2147483648,0,0.000000,0,c,0,0,0,0,0,0,0,0,0,0,0,0,0,0,0,0,0,0,0,3,5,311,0.001686,1510298.000000,895828815
2024-09-11-18-16-23,4,600,60.000061,/blk/mp0,745,uniform-shuffle,"",40002.000000,5833.666504,60,1,0.990000,22.566643,0.216666,5779.543945,58.466606,0.000000,r,61,63,64,64,65,66,75,76,105,107,109,117,122,130,153,223,354,400,443,536,536,934,90.731756,318287.000000,3508,w,8,9,9,9,9,9,10,10,10,10,11,76,1010,1851,3103,4783,6722,7756,10378,10930,11144,11223,396.534909,137507600.000000,346773,s,2147483647,0,0,0,0,0,0,0,0,0,0,0,0,0,0,0,0,0,0,0,0,-2147483648,0,0.000000,0,c,0,0,0,0,0,0,0,0,0,0,0,0,0,0,0,0,0,0,0,3,5,308,0.001701,1526017.000000,897282067
2024-09-11-18-16-23,4,660,60.000000,/blk/mp0,745,uniform-shuffle,"",40002.000000,5833.666504,60,1,0.990000,22.549999,0.216667,5776.583496,58.716667,0.000000,r,61,63,64,64,65,66,75,76,105,107,110,118,123,137,170,258,379,428,752,1176,1176,1249,93.609708,329787.000000,3523,w,8,9,9,9,9,9,10,10,10,10,11,92,1242,2066,3425,5708,8564,9899,10812,11324,11545,11613,460.279854,159530696.000000,346595,s,2147483647,0,0,0,0,0,0,0,0,0,0,0,0,0,0,0,0,0,0,0,0,-2147483648,0,0.000000,0,c,0,0,0,0,0,0,0,0,0,0,0,0,0,0,0,0,0,0,0,3,5,308,0.001738,1561783.000000,898506574
2024-09-11-18-16-23,4,720,59.999939,/blk/mp0,745,uniform-shuffle,"",40002.000000,5833.666504,60,1,0.990000,22.550022,0.233334,5776.172363,60.416729,0.000000,r,61,63,64,64,65,66,75,76,105,107,110,117,122,134,167,244,365,407,529,1269,1269,1335,92.121655,333941.000000,3625,w,8,9,9,9,9,9,10,10,10,10,11,54,1029,1809,2950,4370,6288,7604,10703,11431,11611,11732,374.679378,129852632.000000,346570,s,2147483647,0,0,0,0,0,0,0,0,0,0,0,0,0,0,0,0,0,0,0,0,-2147483648,0,0.000000,0,c,0,0,0,0,0,0,0,0,0,0,0,0,0,0,0,0,0,0,0,3,5,320,0.001752,1566618.000000,894154566
2024-09-11-18-16-23,4,780,60.000061,/blk/mp0,745,uniform-shuffle,"",40002.000000,5833.666504,60,1,0.990000,22.599977,0.216666,5786.444336,58.516605,0.000000,r,62,63,64,64,65,66,75,76,105,107,111,118,122,137,164,232,366,403,475,1458,1458,1798,92.511250,324807.000000,3511,w,8,9,9,9,9,9,10,10,10,10,11,19,714,1274,1947,3345,5169,6502,8629,9894,10400,10599,277.800649,96448774.000000,347187,s,2147483647,0,0,0,0,0,0,0,0,0,0,0,0,0,0,0,0,0,0,0,0,-2147483648,0,0.000000,0,c,0,0,0,0,0,0,0,0,0,0,0,0,0,0,0,0,0,0,0,3,5,314,0.001754,1570453.000000,895409259
2024-09-11-18-16-23,4,840,60.000000,/blk/mp0,745,uniform-shuffle,"",40002.000000,5833.666504,60,1,0.990000,22.483334,0.216667,5759.383301,58.250000,0.000000,r,61,63,64,64,65,66,75,76,105,107,110,118,122,134,159,236,367,419,964,1140,1140,1257,92.521602,323363.000000,3495,w,8,9,9,9,9,9,10,10,10,10,11,75,1121,2055,3359,5438,8599,10213,10934,11385,11719,11909,452.060623,156215425.000000,345563,s,2147483647,0,0,0,0,0,0,0,0,0,0,0,0,0,0,0,0,0,0,0,0,-2147483648,0,0.000000,0,c,0,0,0,0,0,0,0,0,0,0,0,0,0,0,0,0,0,0,0,3,5,311,0.001751,1566599.000000,894568989
2024-09-11-18-16-23,4,900,59.999939,/blk/mp0,745,uniform-shuffle,"",40002.000000,5833.666504,60,1,0.990000,22.533356,0.216667,5771.489258,58.183392,0.000000,r,62,63,64,64,65,66,75,76,106,107,110,118,124,141,168,258,382,414,646,873,873,1609,93.837296,327586.000000,3491,w,8,9,9,9,9,9,10,10,10,10,11,79,974,1749,2988,4826,6981,9006,10719,11826,12190,12285,395.333516,136899648.000000,346289,s,2147483647,0,0,0,0,0,0,0,0,0,0,0,0,0,0,0,0,0,0,0,0,-2147483648,0,0.000000,0,c,0,0,0,0,0,0,0,0,0,0,0,0,0,0,0,0,0,0,0,3,5,314,0.001754,1569233.000000,894774190
2024-09-11-18-16-23,4,960,60.000061,/blk/mp0,745,uniform-shuffle,"",40002.000000,5833.666504,60,1,0.990000,22.616644,0.216666,5792.160645,57.016609,0.000000,r,61,63,64,64,65,66,75,76,105,107,110,118,123,137,159,218,341,402,444,867,867,1014,91.339082,312471.000000,3421,w,8,9,9,9,9,9,10,10,10,10,11,24,760,1478,2337,3566,5578,7021,10312,11022,11316,11502,312.355060,108552754.000000,347530,s,2147483647,0,0,0,0,0,0,0,0,0,0,0,0,0,0,0,0,0,0,0,0,-2147483648,0,0.000000,0,c,0,0,0,0,0,0,0,0,0,0,0,0,0,0,0,0,0,0,0,3,5,308,0.001758,1573318.000000,894740266
2024-09-11-18-38-08,4,60,60.000034,/blk/mp0,745,uniform-shuffle,"",30002.000000,4167.000000,60,1,0.990000,16.033323,0.150000,4106.797852,41.816643,0.000000,r,61,63,63,64,64,65,74,75,76,101,106,109,119,127,161,288,660,1062,1663,1988,1988,4346,98.624552,247449.000000,2509,w,8,9,9,9,9,9,9,9,10,10,10,10,18,339,1265,3549,10122,13645,19998,19998,19998,19998,332.738848,81989514.000000,246408,s,19999,0,0,0,0,0,0,0,0,0,0,0,0,0,0,0,0,0,0,0,0,0,0,0.000000,0,c,0,0,0,0,0,0,0,0,0,0,0,0,0,0,0,0,0,0,0,3,5,132,0.001142,1095640.000000,959763012
2024-09-11-18-38-08,4,120,59.999996,/blk/mp0,745,uniform-shuffle,"",30002.000000,4167.000000,60,1,0.990000,16.116667,0.150000,4130.066895,42.116669,0.000000,r,61,63,64,64,65,65,74,75,76,83,106,109,117,121,144,200,343,390,438,735,735,741,85.999209,217320.000000,2527,w,8,9,9,9,9,9,9,9,10,10,10,10,14,141,697,1788,3973,6172,13956,14996,15249,15289,164.201724,40689844.000000,247804,s,2147483647,0,0,0,0,0,0,0,0,0,0,0,0,0,0,0,0,0,0,0,0,-2147483648,0,0.000000,0,c,0,0,0,0,0,0,0,0,0,0,0,0,0,0,0,0,0,0,0,3,5,321,0.001149,1102578.000000,959730965
2024-09-11-18-38-08,4,180,60.000038,/blk/mp0,745,uniform-shuffle,"",30002.000000,4167.000000,60,1,0.990000,16.083323,0.150000,4120.780762,41.666641,0.000000,r,61,63,64,64,65,66,74,75,76,78,106,109,118,120,137,192,296,363,418,438,438,446,84.310000,210775.000000,2500,w,8,9,9,9,9,9,10,10,10,10,10,11,19,363,1013,2141,3637,5440,6992,8662,9073,9099,163.877515,40518224.000000,247247,s,2147483647,0,0,0,0,0,0,0,0,0,0,0,0,0,0,0,0,0,0,0,0,-2147483648,0,0.000000,0,c,0,0,0,0,0,0,0,0,0,0,0,0,0,0,0,0,0,0,0,3,5,302,0.001228,1170749.000000,953225806
2024-09-11-18-38-08,4,240,59.999985,/blk/mp0,745,uniform-shuffle,"",30002.000000,4167.000000,60,1,0.990000,16.066671,0.150000,4116.334473,41.200012,0.000000,r,61,63,64,64,65,66,74,76,77,96,107,111,118,121,148,205,307,400,491,1138,1138,1398,87.054612,215199.000000,2472,w,8,9,9,9,9,10,10,10,10,10,10,11,18,314,1016,2106,3185,4026,8360,11143,11452,11631,153.400389,37886828.000000,246980,s,2147483647,0,0,0,0,0,0,0,0,0,0,0,0,0,0,0,0,0,0,0,0,-2147483648,0,0.000000,0,c,0,0,0,0,0,0,0,0,0,0,0,0,0,0,0,0,0,0,0,3,5,295,0.001283,1214795.000000,946989733
2024-09-11-18-38-08,4,300,59.999969,/blk/mp0,745,uniform-shuffle,"",30002.000000,4167.000000,60,1,0.990000,16.100008,0.150000,4123.335449,41.850021,0.000000,r,61,63,64,64,65,66,74,76,77,104,107,112,119,123,143,197,330,376,410,435,435,514,86.413381,216984.000000,2511,w,8,9,9,9,9,9,10,10,10,10,10,11,17,219,772,1817,2985,4741,8465,9150,9355,9400,139.697320,34561117.000000,247400,s,2147483647,0,0,0,0,0,0,0,0,0,0,0,0,0,0,0,0,0,0,0,0,-2147483648,0,0.000000,0,c,0,0,0,0,0,0,0,0,0,0,0,0,0,0,0,0,0,0,0,3,5,300,0.001266,1203909.000000,951056202
2024-09-11-18-38-08,4,360,60.000000,/blk/mp0,745,uniform-shuffle,"",30002.000000,4167.000000,60,1,0.990000,16.116667,0.150000,4127.549805,42.049999,0.000000,r,61,63,64,64,65,66,74,76,77,91,106,109,118,120,131,166,256,339,417,446,446,1175,84.361474,212844.000000,2523,w,8,9,9,9,9,9,10,10,10,10,10,11,15,133,590,1530,2667,3655,6849,7358,7524,7584,116.302803,28802738.000000,247653,s,2147483647,0,0,0,0,0,0,0,0,0,0,0,0,0,0,0,0,0,0,0,0,-2147483648,0,0.000000,0,c,0,0,0,0,0,0,0,0,0,0,0,0,0,0,0,0,0,0,0,3,5,293,0.001230,1179723.000000,959417225
2024-09-11-18-38-08,4,420,60.000061,/blk/mp0,745,uniform-shuffle,"",30002.000000,4167.000000,60,1,0.990000,16.149984,0.166666,4136.079102,43.116623,0.000000,r,62,63,64,64,65,66,74,76,77,104,107,112,119,122,145,192,331,373,466,479,479,924,86.517588,223821.000000,2587,w,8,9,9,9,9,9,10,10,10,10,10,11,14,141,606,1669,3581,6320,10738,11975,12176,12243,148.184019,36774087.000000,248165,s,2147483647,0,0,0,0,0,0,0,0,0,0,0,0,0,0,0,0,0,0,0,0,-2147483648,0,0.000000,0,c,0,0,0,0,0,0,0,0,0,0,0,0,0,0,0,0,0,0,0,3,5,290,0.001233,1183351.000000,959367900
2024-09-11-18-38-08,4,480,59.999969,/blk/mp0,745,uniform-shuffle,"",30002.000000,4167.000000,60,1,0.990000,16.133341,0.150000,4131.218750,41.016689,0.000000,r,61,63,64,64,65,66,69,76,77,83,106,108,118,121,138,191,314,380,429,432,432,525,84.854937,208828.000000,2461,w,8,9,9,9,9,9,10,10,10,10,10,11,17,248,860,2002,3794,5024,10962,12844,13111,13168,162.188935,40202258.000000,247873,s,2147483647,0,0,0,0,0,0,0,0,0,0,0,0,0,0,0,0,0,0,0,0,-2147483648,0,0.000000,0,c,0,0,0,0,0,0,0,0,0,0,0,0,0,0,0,0,0,0,0,3,5,296,0.001235,1184773.000000,959358372
2024-09-11-18-38-08,4,540,60.000031,/blk/mp0,745,uniform-shuffle,"",30002.000000,4167.000000,60,1,0.990000,16.183325,0.150000,4144.531250,41.299980,0.000000,r,61,63,64,64,65,66,71,76,77,83,106,110,118,122,136,171,273,357,426,443,443,510,84.301049,208898.000000,2478,w,8,9,9,9,9,9,10,10,10,10,10,11,19,345,1100,2414,5505,7583,9333,10576,10790,10850,199.751866,49672696.000000,248672,s,2147483647,0,0,0,0,0,0,0,0,0,0,0,0,0,0,0,0,0,0,0,0,-2147483648,0,0.000000,0,c,0,0,0,0,0,0,0,0,0,0,0,0,0,0,0,0,0,0,0,3,5,287,0.001237,1186771.000000,959135504
2024-09-11-18-38-08,4,600,60.000000,/blk/mp0,745,uniform-shuffle,"",30002.000000,4167.000000,60,1,0.990000,16.116667,0.150000,4127.066895,41.516666,0.000000,r,61,63,64,64,65,66,74,76,77,104,107,110,119,122,137,186,317,384,435,439,439,476,85.965877,214141.000000,2491,w,8,9,9,9,9,9,10,10,10,10,10,11,16,177,668,1642,2936,3927,7136,8340,8568,8601,124.914108,30931731.000000,247624,s,2147483647,0,0,0,0,0,0,0,0,0,0,0,0,0,0,0,0,0,0,0,0,-2147483648,0,0.000000,0,c,0,0,0,0,0,0,0,0,0,0,0,0,0,0,0,0,0,0,0,3,5,300,0.001239,1188642.000000,959301568
2024-09-11-18-38-08,4,660,60.000000,/blk/mp0,745,uniform-shuffle,"",30002.000000,4167.000000,60,1,0.990000,16.166666,0.150000,4139.200195,39.883335,0.000000,r,61,63,64,64,65,66,74,76,77,101,107,110,118,120,140,172,261,379,538,1035,1035,1548,85.699958,205080.000000,2393,w,8,9,9,9,9,10,10,10,10,10,10,11,17,305,901,1895,3023,4233,5859,7299,7451,7471,139.387072,34617058.000000,248352,s,2147483647,0,0,0,0,0,0,0,0,0,0,0,0,0,0,0,0,0,0,0,0,-2147483648,0,0.000000,0,c,0,0,0,0,0,0,0,0,0,0,0,0,0,0,0,0,0,0,0,3,5,290,0.001270,1209699.000000,952848019
2024-09-11-18-38-08,4,720,60.000000,/blk/mp0,745,uniform-shuffle,"",30002.000000,4167.000000,60,1,0.990000,16.116667,0.150000,4129.916504,41.666668,0.000000,r,61,63,64,64,65,66,69,75,76,78,106,108,118,120,138,194,336,388,457,479,479,571,85.056000,212640.000000,2500,w,8,9,9,9,9,10,10,10,10,10,10,11,15,178,783,2432,4171,5790,8390,9851,9999,10016,169.216602,41931028.000000,247795,s,2147483647,0,0,0,0,0,0,0,0,0,0,0,0,0,0,0,0,0,0,0,0,-2147483648,0,0.000000,0,c,0,0,0,0,0,0,0,0,0,0,0,0,0,0,0,0,0,0,0,3,5,288,0.001294,1224134.000000,945932092
2024-09-11-18-38-08,4,780,59.999939,/blk/mp0,745,uniform-shuffle,"",30002.000000,4167.000000,60,1,0.990000,16.116684,0.150000,4128.320801,40.983376,0.000000,r,62,63,64,64,65,66,70,76,76,86,106,109,118,120,142,201,324,409,451,1412,1412,1698,86.579097,212898.000000,2459,w,8,9,9,9,9,10,10,10,10,10,10,11,14,133,592,1391,2528,3784,5897,6255,6366,6444,109.913185,27225386.000000,247699,s,2147483647,0,0,0,0,0,0,0,0,0,0,0,0,0,0,0,0,0,0,0,0,-2147483648,0,0.000000,0,c,0,0,0,0,0,0,0,0,0,0,0,0,0,0,0,0,0,0,0,3,5,307,0.001291,1221566.000000,946102445
2024-09-11-18-38-08,4,840,60.000000,/blk/mp0,745,uniform-shuffle,"",30002.000000,4167.000000,60,1,0.990000,16.183332,0.150000,4143.333496,40.950001,0.000000,r,61,63,64,64,65,66,74,76,77,98,107,111,118,122,138,177,286,340,446,513,513,531,85.294668,209569.000000,2457,w,8,9,9,9,9,10,10,10,10,10,10,11,13,82,466,1278,2763,4873,12254,13794,14010,14472,125.249952,31137138.000000,248600,s,2147483647,0,0,0,0,0,0,0,0,0,0,0,0,0,0,0,0,0,0,0,0,-2147483648,0,0.000000,0,c,0,0,0,0,0,0,0,0,0,0,0,0,0,0,0,0,0,0,0,3,5,291,0.001296,1226134.000000,945976773
2024-09-11-18-38-08,4,900,60.000061,/blk/mp0,745,uniform-shuffle,"",30002.000000,4167.000000,60,1,0.990000,16.099983,0.150000,4121.662598,42.599957,0.000000,r,61,63,64,64,65,66,74,76,76,80,106,108,118,121,142,193,323,405,429,445,445,1464,85.508216,218559.000000,2556,w,8,9,9,9,9,10,10,10,10,10,10,11,15,169,672,1635,3429,4924,8691,12383,12817,12963,138.981739,34370184.000000,247300,s,2147483647,0,0,0,0,0,0,0,0,0,0,0,0,0,0,0,0,0,0,0,0,-2147483648,0,0.000000,0,c,0,0,0,0,0,0,0,0,0,0,0,0,0,0,0,0,0,0,0,3,5,301,0.001291,1221211.000000,946219847
2024-09-11-18-38-08,4,960,60.000122,/blk/mp0,745,uniform-shuffle,"",30002.000000,4167.000000,60,1,0.990000,16.116634,0.150000,4127.608398,40.883251,0.000000,r,62,63,64,64,65,66,74,76,77,103,107,109,118,122,140,207,321,384,432,446,446,503,86.172442,211381.000000,2453,w,8,9,9,9,9,10,10,10,10,10,10,11,14,90,460,1218,2717,3464,4547,5236,5528,5578,98.596131,24418022.000000,247657,s,2147483647,0,0,0,0,0,0,0,0,0,0,0,0,0,0,0,0,0,0,0,0,-2147483648,0,0.000000,0,c,0,0,0,0,0,0,0,0,0,0,0,0,0,0,0,0,0,0,0,3,5,286,0.001291,1221601.000000,945984020
2024-09-11-18-59-53,4,60,60.000084,/blk/mp0,745,uniform-shuffle,"",20002.000000,2500.333252,60,1,0.990000,9.683320,0.083333,2481.679932,24.783298,0.000000,r,62,63,63,64,64,65,66,75,76,76,77,106,112,118,128,181,399,1167,2159,2195,2195,7498,93.931406,139676.000000,1487,w,8,9,9,9,9,9,9,10,10,10,10,10,11,11,19,702,5299,19200,19998,19998,19998,19998,202.999785,30226871.000000,148901,s,19999,0,0,0,0,0,0,0,0,0,0,0,0,0,0,0,0,0,0,0,0,0,0,0.000000,0,c,0,0,0,0,0,0,0,0,0,0,0,0,0,0,0,0,0,0,0,3,5,36,0.000839,775092.000000,923791302
2024-09-11-18-59-53,4,120,60.000000,/blk/mp0,745,uniform-shuffle,"",20002.000000,2500.333252,60,1,0.990000,9.633333,0.100000,2468.666748,26.266666,0.000000,r,62,63,64,64,64,65,66,75,76,76,77,105,110,117,120,168,309,379,431,451,451,452,80.732234,127234.000000,1576,w,8,9,9,9,9,9,9,10,10,10,10,10,10,11,13,120,828,1382,2594,3429,3542,3582,31.436032,4656305.000000,148120,s,2147483647,0,0,0,0,0,0,0,0,0,0,0,0,0,0,0,0,0,0,0,0,-2147483648,0,0.000000,0,c,0,0,0,0,0,0,0,0,0,0,0,0,0,0,0,0,0,0,0,3,5,331,0.000852,776793.000000,911570670
2024-09-11-18-59-53,4,180,59.999985,/blk/mp0,745,uniform-shuffle,"",20002.000000,2500.333252,60,1,0.990000,9.666669,0.083333,2476.267334,24.966673,0.000000,r,62,63,64,64,64,65,66,75,76,76,78,106,114,118,122,147,219,336,426,1599,1599,1720,81.267690,121739.000000,1498,w,8,9,9,9,9,9,10,10,10,10,10,10,11,11,14,180,766,1393,3638,5349,5514,5589,35.529312,5278803.000000,148576,s,2147483647,0,0,0,0,0,0,0,0,0,0,0,0,0,0,0,0,0,0,0,0,-2147483648,0,0.000000,0,c,0,0,0,0,0,0,0,0,0,0,0,0,0,0,0,0,0,0,0,3,5,276,0.000892,810437.000000,908737554
2024-09-11-18-59-53,4,240,60.000015,/blk/mp0,745,uniform-shuffle,"",20002.000000,2500.333252,60,1,0.990000,9.633331,0.083333,2468.049316,24.816660,0.000000,r,61,63,64,64,65,66,66,75,76,76,77,105,109,117,120,151,251,330,391,417,417,429,79.310275,118093.000000,1489,w,9,9,9,9,9,10,10,10,10,10,10,10,11,11,14,195,747,1119,1780,2361,2695,2792,29.219701,4326941.000000,148083,s,2147483647,0,0,0,0,0,0,0,0,0,0,0,0,0,0,0,0,0,0,0,0,-2147483648,0,0.000000,0,c,0,0,0,0,0,0,0,0,0,0,0,0,0,0,0,0,0,0,0,3,5,282,0.000936,845668.000000,903262269
2024-09-11-18-59-53,4,300,60.000031,/blk/mp0,745,uniform-shuffle,"",20002.000000,2500.333252,60,1,0.990000,9.683329,0.100000,2479.632080,26.033319,0.000000,r,62,63,64,64,65,66,66,75,76,77,78,106,109,118,121,147,270,362,400,411,411,440,80.319462,125459.000000,1562,w,8,9,9,9,9,10,10,10,10,10,10,10,11,11,13,144,823,1929,3985,5338,5452,5491,39.011850,5804105.000000,148778,s,2147483647,0,0,0,0,0,0,0,0,0,0,0,0,0,0,0,0,0,0,0,0,-2147483648,0,0.000000,0,c,0,0,0,0,0,0,0,0,0,0,0,0,0,0,0,0,0,0,0,3,5,288,0.000939,848899.000000,903645637
2024-09-11-18-59-53,4,360,59.999939,/blk/mp0,745,uniform-shuffle,"",20002.000000,2500.333252,60,1,0.990000,9.650010,0.083333,2474.402588,25.250025,0.000000,r,62,63,64,64,65,66,66,75,76,77,78,106,112,117,120,154,193,221,425,429,429,447,79.386139,120270.000000,1515,w,8,9,9,9,9,10,10,10,10,10,10,10,11,11,13,133,631,1111,1869,2217,2384,2403,27.239802,4044130.000000,148464,s,2147483647,0,0,0,0,0,0,0,0,0,0,0,0,0,0,0,0,0,0,0,0,-2147483648,0,0.000000,0,c,0,0,0,0,0,0,0,0,0,0,0,0,0,0,0,0,0,0,0,3,5,283,0.000923,841326.000000,911230057
2024-09-11-18-59-53,4,420,60.000000,/blk/mp0,745,uniform-shuffle,"",20002.000000,2500.333252,60,1,0.990000,9.633333,0.083333,2469.533447,25.533333,0.000000,r,62,63,64,64,65,66,66,75,76,77,78,106,109,118,124,153,210,369,431,443,443,1075,80.691906,123620.000000,1532,w,8,9,9,9,9,10,10,10,10,10,10,10,11,11,14,155,672,1023,2020,2507,2780,2880,28.025045,4152527.000000,148172,s,2147483647,0,0,0,0,0,0,0,0,0,0,0,0,0,0,0,0,0,0,0,0,-2147483648,0,0.000000,0,c,0,0,0,0,0,0,0,0,0,0,0,0,0,0,0,0,0,0,0,3,5,279,0.000918,837100.000000,912301550
2024-09-11-18-59-53,4,480,60.000000,/blk/mp0,745,uniform-shuffle,"",20002.000000,2500.333252,60,1,0.990000,9.666667,0.083333,2478.516602,23.933332,0.000000,r,62,63,64,65,65,66,67,75,76,77,77,105,110,118,121,158,236,286,419,439,439,946,80.493733,115589.000000,1436,w,9,9,9,9,9,10,10,10,10,10,10,10,11,11,14,158,695,1082,2061,2791,3051,3217,28.510292,4239794.000000,148711,s,2147483647,0,0,0,0,0,0,0,0,0,0,0,0,0,0,0,0,0,0,0,0,-2147483648,0,0.000000,0,c,0,0,0,0,0,0,0,0,0,0,0,0,0,0,0,0,0,0,0,3,5,277,0.000915,833627.000000,911133018
2024-09-11-18-59-53,4,540,60.000031,/blk/mp0,745,uniform-shuffle,"",20002.000000,2500.333252,60,1,0.990000,9.716661,0.083333,2487.848633,24.649988,0.000000,r,62,63,64,64,64,65,66,75,76,76,77,89,107,111,118,131,166,197,332,366,366,442,76.695740,113433.000000,1479,w,9,9,9,9,9,10,10,10,10,10,10,10,11,11,13,165,744,1102,2216,3167,3271,3327,29.898761,4463018.000000,149271,s,2147483647,0,0,0,0,0,0,0,0,0,0,0,0,0,0,0,0,0,0,0,0,-2147483648,0,0.000000,0,c,0,0,0,0,0,0,0,0,0,0,0,0,0,0,0,0,0,0,0,3,5,278,0.000912,831885.000000,912325169
2024-09-11-18-59-53,4,600,59.999939,/blk/mp0,745,uniform-shuffle,"",20002.000000,2500.333252,60,1,0.990000,9.700010,0.083333,2485.269287,24.500025,0.000000,r,62,63,64,64,65,66,66,75,76,77,79,106,110,118,123,180,298,354,414,431,431,433,81.295918,119505.000000,1470,w,8,9,9,9,9,10,10,10,10,10,10,10,11,11,14,149,726,1084,1747,2309,2534,2589,28.002146,4175568.000000,149116,s,2147483647,0,0,0,0,0,0,0,0,0,0,0,0,0,0,0,0,0,0,0,0,-2147483648,0,0.000000,0,c,0,0,0,0,0,0,0,0,0,0,0,0,0,0,0,0,0,0,0,3,5,278,0.000905,831987.000000,918861027
2024-09-11-18-59-53,4,660,60.000061,/blk/mp0,745,uniform-shuffle,"",20002.000000,2500.333252,60,1,0.990000,9.649990,0.083333,2473.597412,24.566641,0.000000,r,62,63,64,64,65,66,66,75,76,76,77,105,109,117,120,145,204,247,401,402,402,429,78.822252,116184.000000,1474,w,9,9,9,9,9,10,10,10,10,10,10,10,11,12,15,346,1266,2069,3328,3878,3980,4002,45.267667,6718446.000000,148416,s,2147483647,0,0,0,0,0,0,0,0,0,0,0,0,0,0,0,0,0,0,0,0,-2147483648,0,0.000000,0,c,0,0,0,0,0,0,0,0,0,0,0,0,0,0,0,0,0,0,0,3,5,279,0.000916,847453.000000,925453419
2024-09-11-18-59-53,4,720,59.999939,/blk/mp0,745,uniform-shuffle,"",20002.000000,2500.333252,60,1,0.990000,9.666677,0.083333,2475.235840,24.683359,0.000000,r,62,63,64,64,65,65,66,75,76,76,78,106,109,117,121,158,306,362,409,420,420,425,80.462525,119165.000000,1481,w,9,9,9,9,9,10,10,10,10,10,10,10,11,11,14,170,1012,1763,3625,4526,4680,4730,37.257477,5533257.000000,148514,s,2147483647,0,0,0,0,0,0,0,0,0,0,0,0,0,0,0,0,0,0,0,0,-2147483648,0,0.000000,0,c,0,0,0,0,0,0,0,0,0,0,0,0,0,0,0,0,0,0,0,3,5,295,0.000931,855347.000000,918365963
2024-09-11-18-59-53,4,780,60.000000,/blk/mp0,745,uniform-shuffle,"",20002.000000,2500.333252,60,1,0.990000,9.683333,0.083333,2481.550049,24.783333,0.000000,r,62,63,64,64,65,66,66,75,76,77,78,106,110,117,119,141,175,229,410,416,416,538,78.961668,117416.000000,1487,w,9,9,9,9,9,10,10,10,10,10,10,10,11,11,14,163,832,1525,5198,6447,6664,6688,40.782119,6072172.000000,148893,s,2147483647,0,0,0,0,0,0,0,0,0,0,0,0,0,0,0,0,0,0,0,0,-2147483648,0,0.000000,0,c,0,0,0,0,0,0,0,0,0,0,0,0,0,0,0,0,0,0,0,3,5,285,0.000935,858014.000000,917823771
2024-09-11-18-59-53,4,840,60.000061,/blk/mp0,745,uniform-shuffle,"",20002.000000,2500.333252,60,1,0.990000,9.666656,0.083333,2478.364258,24.983309,0.000000,r,61,63,64,64,64,65,66,75,76,76,77,104,109,117,119,139,191,280,405,418,418,1457,78.862575,118215.000000,1499,w,9,9,9,9,9,10,10,10,10,10,10,10,11,11,13,121,536,785,1525,1923,2101,2359,23.916659,3556455.000000,148702,s,2147483647,0,0,0,0,0,0,0,0,0,0,0,0,0,0,0,0,0,0,0,0,-2147483648,0,0.000000,0,c,0,0,0,0,0,0,0,0,0,0,0,0,0,0,0,0,0,0,0,3,5,285,0.000931,854691.000000,918248651
2024-09-11-18-59-53,4,900,59.999939,/blk/mp0,745,uniform-shuffle,"",20002.000000,2500.333252,60,1,0.990000,9.633343,0.083333,2468.085938,24.816692,0.000000,r,62,63,64,64,65,65,66,75,76,76,77,106,111,118,120,154,233,346,436,462,462,1230,80.501007,119866.000000,1489,w,9,9,9,9,9,10,10,10,10,10,10,10,11,11,15,278,942,1462,2293,3078,3297,3357,35.183172,5210100.000000,148085,s,2147483647,0,0,0,0,0,0,0,0,0,0,0,0,0,0,0,0,0,0,0,0,-2147483648,0,0.000000,0,c,0,0,0,0,0,0,0,0,0,0,0,0,0,0,0,0,0,0,0,3,5,275,0.000931,854145.000000,917755974
2024-09-11-18-59-53,4,960,60.000061,/blk/mp0,745,uniform-shuffle,"",20002.000000,2500.333252,60,1,0.990000,9.616657,0.083333,2464.847412,24.383308,0.000000,r,62,63,64,64,65,65,66,75,76,77,78,106,115,119,131,163,264,307,414,452,452,1231,81.327409,118982.000000,1463,w,8,9,9,9,9,10,10,10,10,10,10,10,11,11,14,226,908,1475,2549,3001,3383,3451,34.719273,5134668.000000,147891,s,2147483647,0,0,0,0,0,0,0,0,0,0,0,0,0,0,0,0,0,0,0,0,-2147483648,0,0.000000,0,c,0,0,0,0,0,0,0,0,0,0,0,0,0,0,0,0,0,0,0,3,5,1691,0.000940,853203.000000,907461600
2024-09-11-19-21-38,4,60,60.000046,/blk/mp0,745,uniform-shuffle,"",10002.000000,833.666687,60,1,0.990000,3.199998,0.016667,820.966064,7.816661,0.000000,r,62,63,64,64,65,65,66,75,76,76,76,77,89,106,115,122,168,282,335,335,335,353,75.319829,35325.000000,469,w,8,9,9,9,10,10,10,10,10,10,10,10,10,11,11,12,19,195,19998,19998,19998,19998,78.284461,3856136.000000,49258,s,19999,0,0,0,0,0,0,0,0,0,0,0,0,0,0,0,0,0,0,0,0,0,0,0.000000,0,c,0,0,0,0,0,0,0,0,0,0,0,0,0,0,0,0,0,0,0,3,5,126,0.000460,428372.000000,931758523
2024-09-11-19-21-38,4,120,60.000008,/blk/mp0,745,uniform-shuffle,"",10002.000000,833.666687,60,1,0.990000,3.233333,0.016667,827.799866,8.416666,0.000000,r,62,63,64,64,64,65,66,70,75,76,76,77,78,104,108,117,165,193,351,351,351,403,73.938614,37339.000000,505,w,8,9,9,9,9,10,10,10,10,10,10,10,10,11,11,12,17,20,158,641,740,801,10.376057,515358.000000,49668,s,2147483647,0,0,0,0,0,0,0,0,0,0,0,0,0,0,0,0,0,0,0,0,-2147483648,0,0.000000,0,c,0,0,0,0,0,0,0,0,0,0,0,0,0,0,0,0,0,0,0,3,5,305,0.000463,429587.000000,927365548
2024-09-11-19-21-38,4,180,60.000008,/blk/mp0,745,uniform-shuffle,"",10002.000000,833.666687,60,1,0.990000,3.200000,0.016667,821.466553,8.383332,0.000000,r,62,63,64,64,64,65,66,66,75,76,76,77,77,97,108,118,164,229,367,367,367,422,73.638171,37040.000000,503,w,8,9,9,10,10,10,10,10,10,10,10,10,11,11,11,12,16,19,137,424,751,938,10.356760,510464.000000,49288,s,2147483647,0,0,0,0,0,0,0,0,0,0,0,0,0,0,0,0,0,0,0,0,-2147483648,0,0.000000,0,c,0,0,0,0,0,0,0,0,0,0,0,0,0,0,0,0,0,0,0,3,5,267,0.000483,441128.000000,913110341
2024-09-11-19-21-38,4,240,60.000000,/blk/mp0,745,uniform-shuffle,"",10002.000000,833.666687,60,1,0.990000,3.216667,0.016667,824.516663,7.566667,0.000000,r,62,63,64,64,65,65,66,69,76,76,77,77,78,92,108,117,135,144,191,191,191,339,73.167401,33218.000000,454,w,9,9,10,10,10,10,10,10,10,10,10,11,11,11,11,12,18,21,309,906,978,987,11.084838,548378.000000,49471,s,2147483647,0,0,0,0,0,0,0,0,0,0,0,0,0,0,0,0,0,0,0,0,-2147483648,0,0.000000,0,c,0,0,0,0,0,0,0,0,0,0,0,0,0,0,0,0,0,0,0,3,5,278,0.000515,465851.000000,904544870
2024-09-11-19-21-38,4,300,59.999954,/blk/mp0,745,uniform-shuffle,"",10002.000000,833.666687,60,1,0.990000,3.216669,0.016667,827.233948,8.000006,0.000000,r,62,63,64,64,65,65,66,69,76,76,77,77,96,106,109,119,144,156,167,167,167,331,73.737500,35394.000000,480,w,9,9,10,10,10,10,10,10,10,10,10,11,11,11,11,13,18,22,342,694,851,1207,11.129891,552421.000000,49634,s,2147483647,0,0,0,0,0,0,0,0,0,0,0,0,0,0,0,0,0,0,0,0,-2147483648,0,0.000000,0,c,0,0,0,0,0,0,0,0,0,0,0,0,0,0,0,0,0,0,0,3,5,267,0.000511,462067.000000,905113763
2024-09-11-19-21-38,4,360,60.000031,/blk/mp0,745,uniform-shuffle,"",10002.000000,833.666687,60,1,0.990000,3.233332,0.016667,829.132935,8.383329,0.000000,r,62,63,64,65,65,66,66,75,76,76,77,77,97,107,110,122,171,316,408,408,408,414,76.168986,38313.000000,503,w,9,9,10,10,10,10,10,10,10,10,10,11,11,11,11,12,17,21,268,771,937,947,10.885302,541522.000000,49748,s,2147483647,0,0,0,0,0,0,0,0,0,0,0,0,0,0,0,0,0,0,0,0,-2147483648,0,0.000000,0,c,0,0,0,0,0,0,0,0,0,0,0,0,0,0,0,0,0,0,0,3,5,268,0.000499,456187.000000,914750216
2024-09-11-19-21-38,4,420,60.000031,/blk/mp0,745,uniform-shuffle,"",10002.000000,833.666687,60,1,0.990000,3.199998,0.033333,822.632935,8.566662,0.000000,r,62,63,64,64,64,65,66,67,75,76,76,77,77,84,109,119,165,193,348,348,348,417,73.663424,37863.000000,514,w,8,9,10,10,10,10,10,10,10,10,10,11,11,11,11,12,17,20,195,569,738,820,10.644495,525391.000000,49358,s,2147483647,0,0,0,0,0,0,0,0,0,0,0,0,0,0,0,0,0,0,0,0,-2147483648,0,0.000000,0,c,0,0,0,0,0,0,0,0,0,0,0,0,0,0,0,0,0,0,0,3,5,267,0.000499,456082.000000,914561239
2024-09-11-19-21-38,4,480,59.999969,/blk/mp0,745,uniform-shuffle,"",10002.000000,833.666687,60,1,0.990000,3.200002,0.016667,821.783752,8.316671,0.000000,r,62,63,64,65,65,66,66,68,76,76,76,77,80,105,110,122,151,206,250,250,250,329,74.044088,36948.000000,499,w,9,9,10,10,10,10,10,10,10,10,10,11,11,11,11,12,17,20,188,497,765,846,10.671811,526195.000000,49307,s,2147483647,0,0,0,0,0,0,0,0,0,0,0,0,0,0,0,0,0,0,0,0,-2147483648,0,0.000000,0,c,0,0,0,0,0,0,0,0,0,0,0,0,0,0,0,0,0,0,0,3,5,268,0.000500,455702.000000,910517475
2024-09-11-19-21-38,4,540,60.000031,/blk/mp0,745,uniform-shuffle,"",10002.000000,833.666687,60,1,0.990000,3.216665,0.016667,825.482910,8.249996,0.000000,r,62,63,64,64,65,66,66,73,76,76,77,77,81,106,117,119,154,178,195,195,195,203,73.830303,36546.000000,495,w,9,9,10,10,10,10,10,10,10,10,10,11,11,11,11,12,17,20,197,880,947,1048,10.758626,532864.000000,49529,s,2147483647,0,0,0,0,0,0,0,0,0,0,0,0,0,0,0,0,0,0,0,0,-2147483648,0,0.000000,0,c,0,0,0,0,0,0,0,0,0,0,0,0,0,0,0,0,0,0,0,3,5,270,0.000500,456961.000000,914258063
2024-09-11-19-21-38,4,600,60.000000,/blk/mp0,745,uniform-shuffle,"",10002.000000,833.666687,60,1,0.990000,3.200000,0.016667,819.849976,8.266666,0.000000,r,62,63,64,64,65,66,66,70,76,76,76,77,79,106,108,118,147,175,197,197,197,335,73.552419,36482.000000,496,w,9,9,10,10,10,10,10,10,10,10,10,11,11,11,11,12,18,21,338,1066,1150,1301,11.261613,553970.000000,49191,s,2147483647,0,0,0,0,0,0,0,0,0,0,0,0,0,0,0,0,0,0,0,0,-2147483648,0,0.000000,0,c,0,0,0,0,0,0,0,0,0,0,0,0,0,0,0,0,0,0,0,3,5,265,0.000497,456061.000000,917054248
2024-09-11-19-21-38,4,660,59.999939,/blk/mp0,745,uniform-shuffle,"",10002.000000,833.666687,60,1,0.990000,3.216670,0.033333,827.634155,8.633342,0.000000,r,62,63,64,64,65,65,66,67,76,76,77,77,82,106,110,120,180,285,352,352,352,1500,77.225869,40003.000000,518,w,9,9,10,10,10,10,10,10,10,10,10,11,11,11,11,12,17,21,275,916,1236,1284,11.045552,548500.000000,49658,s,2147483647,0,0,0,0,0,0,0,0,0,0,0,0,0,0,0,0,0,0,0,0,-2147483648,0,0.000000,0,c,0,0,0,0,0,0,0,0,0,0,0,0,0,0,0,0,0,0,0,3,5,265,0.000502,459139.000000,914409779
2024-09-11-19-21-38,4,720,60.000000,/blk/mp0,745,uniform-shuffle,"",10002.000000,833.666687,60,1,0.990000,3.216667,0.033333,825.066650,8.650000,0.000000,r,62,63,64,65,65,66,66,75,76,77,77,77,101,108,118,127,228,280,395,395,395,424,76.886320,39904.000000,519,w,9,9,10,10,10,10,10,10,10,10,10,11,11,11,11,12,17,21,176,690,795,977,10.719114,530639.000000,49504,s,2147483647,0,0,0,0,0,0,0,0,0,0,0,0,0,0,0,0,0,0,0,0,-2147483648,0,0.000000,0,c,0,0,0,0,0,0,0,0,0,0,0,0,0,0,0,0,0,0,0,3,5,285,0.000507,459702.000000,906587801
2024-09-11-19-21-38,4,780,60.000000,/blk/mp0,745,uniform-shuffle,"",10002.000000,833.666687,60,1,0.990000,3.233333,0.016667,828.783325,8.450000,0.000000,r,62,63,64,64,64,65,66,68,76,76,77,77,78,104,109,119,139,162,345,345,345,359,73.493097,37261.000000,507,w,9,9,10,10,10,10,10,10,10,10,10,11,11,11,11,12,17,21,205,506,638,641,10.694110,531786.000000,49727,s,2147483647,0,0,0,0,0,0,0,0,0,0,0,0,0,0,0,0,0,0,0,0,-2147483648,0,0.000000,0,c,0,0,0,0,0,0,0,0,0,0,0,0,0,0,0,0,0,0,0,3,5,267,0.000511,463586.000000,908038733
2024-09-11-19-21-38,4,840,60.000000,/blk/mp0,745,uniform-shuffle,"",10002.000000,833.666687,60,1,0.990000,3.216667,0.016667,825.099976,8.000000,0.000000,r,62,63,64,64,65,66,66,75,76,76,77,77,82,107,110,124,192,221,395,395,395,1518,78.066667,37472.000000,480,w,9,9,10,10,10,10,10,10,10,10,10,11,11,11,11,12,17,20,208,687,757,763,10.721105,530759.000000,49506,s,2147483647,0,0,0,0,0,0,0,0,0,0,0,0,0,0,0,0,0,0,0,0,-2147483648,0,0.000000,0,c,0,0,0,0,0,0,0,0,0,0,0,0,0,0,0,0,0,0,0,3,5,264,0.000510,464221.000000,909719759
2024-09-11-19-21-38,4,900,60.000000,/blk/mp0,745,uniform-shuffle,"",10002.000000,833.666687,60,1,0.990000,3.200000,0.016667,822.733337,8.400000,0.000000,r,62,63,64,64,65,66,66,68,75,76,77,77,78,84,107,112,120,374,410,410,410,534,74.563492,37580.000000,504,w,9,9,10,10,10,10,10,10,10,10,10,11,11,11,11,12,17,21,256,564,643,703,10.823313,534282.000000,49364,s,2147483647,0,0,0,0,0,0,0,0,0,0,0,0,0,0,0,0,0,0,0,0,-2147483648,0,0.000000,0,c,0,0,0,0,0,0,0,0,0,0,0,0,0,0,0,0,0,0,0,3,5,274,0.000514,464670.000000,904563423
2024-09-11-19-21-38,4,960,60.000000,/blk/mp0,745,uniform-shuffle,"",10002.000000,833.666687,60,1,0.990000,3.200000,0.016667,821.483337,8.266666,0.000000,r,62,63,64,64,65,65,66,68,76,76,77,77,81,106,117,128,194,238,414,414,414,442,75.207661,37303.000000,496,w,9,9,10,10,10,10,10,10,10,10,10,11,11,11,11,12,17,21,198,518,649,826,10.752906,530000.000000,49289,s,2147483647,0,0,0,0,0,0,0,0,0,0,0,0,0,0,0,0,0,0,0,0,-2147483648,0,0.000000,0,c,0,0,0,0,0,0,0,0,0,0,0,0,0,0,0,0,0,0,0,3,5,272,0.000506,463197.000000,914848357
